2045
1500 15000
3000 0 3000 107 0 107 0 0
3000 0 3000 107 0 107 0 0
3000 0 3000 107 0 107 0 0
3000 0 3000 107 0 107 0 0
3000 0 3000 107 0 107 0 0
3000 0 3000 107 0 107 0 0
3000 0 3000 107 0 107 0 0
3000 0 3000 107 0 107 0 0
3000 0 3000 107 0 107 0 0
3000 0 3000 107 0 107 0 0
3000 0 3000 107 0 107 0 0
3000 0 3000 107 0 107 0 0
3000 0 3000 107 0 107 0 0
3000 0 3000 107 0 107 0 0
3000 0 3000 107 0 107 0 0
3000 0 3000 107 0 107 0 0
3000 0 3000 107 0 107 0 0
3000 0 3000 107 0 107 0 0
3000 0 3000 107 0 107 0 0
3000 0 3000 107 0 107 0 0
3000 0 3000 107 0 107 0 0
0 507 106 604 124 620 145 620 184 620 393 620 432 620 450 620 472 602 578 510 578 114 453 0 128 0 0 110
1552 0 1582 30 1582 209 1553 234 0 6 0 0
1 254 1503 223 1533 192 1529 25 1499 0 0 249
1 254 1503 223 1533 192 1529 25 1499 0 0 249
0 220 1444 220 1444 0 0 0
0 220 1444 220 1444 0 0 0
0 220 1439 220 1439 0 0 0
0 220 1439 220 1439 0 0 0
0 150 1437 150 1437 0 0 0
0 150 1437 150 1437 0 0 0
228 27 269 0 1386 24 1435 75 1427 427 1397 460 19 629 0 605 228 27
228 27 269 0 1386 24 1435 75 1427 427 1397 460 19 629 0 605 228 27
228 27 269 0 1386 24 1435 75 1427 427 1397 460 19 629 0 605 228 27
228 27 269 0 1386 24 1435 75 1427 427 1397 460 19 629 0 605 228 27
0 180 1425 180 1425 0 0 0
0 180 1411 180 0 180 0 0
1375 166 1406 200 1410 407 192 432 149 403 0 26 20 0
53 50 0 256 0 258 75 323 76 323 116 301 155 279 575 45 575 0 53 0
1380 25 192 0 1380 25 1410 56 1406 232 1375 266 20 432 0 406 149 29
0 202 30 232 1387 232 1387 227 30 0 0 25
0 202 30 232 1387 232 1387 227 30 0 0 25
0 240 80 240 190 240 300 240 410 240 540 240 640 240 740 240 870 240 1020 240 1100 240 1100 0 0 0
0 240 80 240 190 240 300 240 410 240 540 240 640 240 740 240 870 240 1020 240 1100 240 1100 0 0 0
0 240 80 240 190 240 300 240 410 240 540 240 640 240 740 240 870 240 1020 240 1100 240 1100 0 0 0
0 240 80 240 190 240 300 240 410 240 540 240 640 240 740 240 870 240 1020 240 1100 240 1100 0 0 0
0 240 120 240 270 240 420 240 540 240 635 240 730 240 830 240 925 240 1020 240 1100 240 1100 0 0 0
0 240 120 240 270 240 420 240 540 240 635 240 730 240 830 240 925 240 1020 240 1100 240 1100 0 0 0
0 240 120 240 270 240 420 240 540 240 635 240 730 240 830 240 925 240 1020 240 1100 240 1100 0 0 0
0 240 120 240 270 240 420 240 540 240 635 240 730 240 830 240 925 240 1020 240 1100 240 1100 0 0 0
0 240 120 240 270 240 420 240 540 240 635 240 730 240 830 240 925 240 1020 240 1100 240 1100 0 0 0
0 240 120 240 270 240 420 240 540 240 635 240 730 240 830 240 925 240 1020 240 1100 240 1100 0 0 0
0 240 120 240 270 240 420 240 540 240 635 240 730 240 830 240 925 240 1020 240 1100 240 1100 0 0 0
0 240 120 240 270 240 420 240 540 240 635 240 730 240 830 240 925 240 1020 240 1100 240 1100 0 0 0
0 10 638 165 0 10 1 0
0 10 638 165 0 10 1 0
1 165 903 165 938 130 938 0 638 0 0 155
1 165 903 165 938 130 938 0 638 0 0 155
1 165 903 165 938 130 938 0 638 0 0 155
1 165 903 165 938 130 938 0 638 0 0 155
1 165 903 165 938 130 938 0 638 0 0 155
1 165 903 165 938 130 938 0 638 0 0 155
814 0 848 23 848 143 788 143 0 105 0 30 30 0 0 30
814 0 848 23 848 143 788 143 0 105 0 30 30 0 0 30
0 113 30 143 814 143 848 120 848 0 788 0 0 38
0 113 30 143 814 143 848 120 848 0 788 0 0 38
0 240 97 240 217 240 407 240 507 240 607 240 727 240 807 240 807 0 0 0
0 240 97 240 217 240 407 240 507 240 607 240 727 240 807 240 807 0 0 0
0 240 97 240 217 240 407 240 507 240 607 240 727 240 807 240 807 0 0 0
0 240 97 240 217 240 407 240 507 240 607 240 727 240 807 240 807 0 0 0
0 240 97 240 217 240 407 240 507 240 607 240 727 240 807 240 807 0 0 0
0 240 97 240 217 240 407 240 507 240 607 240 727 240 807 240 807 0 0 0
0 240 97 240 217 240 407 240 507 240 607 240 727 240 807 240 807 0 0 0
0 240 97 240 217 240 407 240 507 240 607 240 727 240 807 240 807 0 0 0
0 37 0 113 30 143 774 143 785 135 785 0 629 0 0 37
0 37 0 113 30 143 774 143 785 135 785 0 629 0 0 37
0 37 0 113 30 143 774 143 785 135 785 0 629 0 0 37
0 37 0 113 30 143 774 143 785 135 785 0 629 0 0 37
219 1072 75 1198 0 1264 0 1736 75 1802 76 1802 116 1837 155 1871 219 1928 219 3000 326 3000 326 1928 390 1872 429 1838 469 1803 471 1802 546 1736 546 1264 471 1198 326 1072 326 0 219 0
30 0 774 0 30 0 0 30
30 0 774 0 30 0 0 30
30 0 774 0 30 0 0 30
30 0 774 0 30 0 0 30
0 250 115 250 235 250 355 250 450 250 545 250 675 250 750 250 750 0 0 0
0 250 115 250 235 250 355 250 450 250 545 250 675 250 750 250 750 0 0 0
0 250 115 250 235 250 355 250 450 250 545 250 675 250 750 250 750 0 0 0
0 250 115 250 235 250 355 250 450 250 545 250 675 250 750 250 750 0 0 0
0 1100 75 1100 260 1100 440 1100 625 1100 700 1100 700 0 0 0
0 1100 75 1100 260 1100 440 1100 625 1100 700 1100 700 0 0 0
0 1100 75 1100 260 1100 440 1100 625 1100 700 1100 700 0 0 0
0 1100 75 1100 260 1100 440 1100 625 1100 700 1100 700 0 0 0
0 700 75 700 265 700 435 700 625 700 700 700 700 0 0 0
0 900 75 900 260 900 440 900 625 900 700 900 700 0 0 0
0 900 75 900 260 900 440 900 625 900 700 900 700 0 0 0
696 0 696 240 0 240 0 0
696 0 696 240 0 240 0 0
696 0 696 300 0 300 0 0
696 0 696 300 0 300 0 0
696 0 696 300 0 300 0 0
696 0 696 300 0 300 0 0
696 0 696 300 0 300 0 0
696 0 696 300 0 300 0 0
628 150 0 150 0 0 628 0 0 0
622 150 0 150 0 0 622 0 0 0
0 113 30 143 569 143 599 113 599 0 0 37
0 113 30 143 569 143 599 113 599 0 0 37
0 113 30 143 569 143 599 113 599 0 0 37
0 113 30 143 569 143 599 113 599 0 0 37
0 550 105 628 134 649 140 649 174 649 359 649 393 649 396 649 428 627 533 553 533 98 399 0 137 0 0 96
0 113 30 143 569 143 593 118 593 0 0 37
0 113 30 143 569 143 593 118 593 0 0 37
0 113 30 143 569 143 593 118 593 0 0 37
0 113 30 143 569 143 593 118 593 0 0 37
62 179 101 202 580 111 580 97 0 0
89 0 566 90 566 104 20 195 0 172 50 23
560 560 485 560 345 560 215 560 75 560 0 560 0 0 560 0 0 0
560 560 485 560 345 560 215 560 75 560 0 560 0 0 560 0 0 0
560 560 485 560 345 560 215 560 75 560 0 560 0 0 560 0 0 0
0 720 75 720 215 720 345 720 485 720 560 720 560 0 0 0
0 720 75 720 215 720 345 720 485 720 560 720 560 0 0 0
543 111 513 141 30 141 0 111 0 60 543 1 543 0 0 59
543 111 513 141 30 141 0 111 0 60 543 1 543 0 0 59
30 0 513 0 30 0 0 30
30 0 513 0 30 0 0 30
530 150 0 150 0 0 530 0 0 0
530 150 0 150 0 0 530 0 0 0
530 150 0 150 0 0 530 0 0 0
530 150 0 150 0 0 530 0 0 0
7 150 38 174 484 89 484 76 30 0 0 27
7 150 38 174 484 89 484 76 30 0 0 27
36 0 482 85 482 99 28 174 0 149 5 24
36 0 482 85 482 99 28 174 0 149 5 24
0 308 76 308 116 308 155 308 491 308 491 232 75 0 0 66
0 102 2 180 480 180 480 0 0 0
0 180 480 180 480 0 0 0
0 250 80 250 175 250 270 250 400 250 475 250 475 0 0 0
0 250 80 250 175 250 270 250 400 250 475 250 475 0 0 0
0 250 80 250 175 250 270 250 400 250 475 250 475 0 0 0
0 250 80 250 175 250 270 250 400 250 475 250 475 0 0 0
0 250 80 250 175 250 270 250 400 250 475 250 475 0 0 0
0 250 80 250 175 250 270 250 400 250 475 250 475 0 0 0
0 250 80 250 175 250 270 250 400 250 475 250 475 0 0 0
0 250 80 250 175 250 270 250 400 250 475 250 475 0 0 0
0 250 80 250 175 250 270 250 400 250 475 250 475 0 0 0
0 250 80 250 175 250 270 250 400 250 475 250 475 0 0 0
0 250 80 250 175 250 270 250 400 250 475 250 475 0 0 0
0 250 80 250 175 250 270 250 400 250 475 250 475 0 0 0
423 0 455 31 474 286 447 312 30 251 0 216 0 30 30 0
446 0 473 26 454 281 414 319 40 323 2 285 0 95 29 61
0 97 30 127 456 127 456 0 0 22
0 97 30 127 456 127 456 0 0 22
0 97 30 127 456 127 456 0 0 22
0 97 30 127 456 127 456 0 0 22
0 140 260 140 320 140 380 140 440 140 440 0 0 0
0 140 260 140 320 140 380 140 440 140 440 0 0 0
0 140 260 140 320 140 380 140 440 140 440 0 0 0
0 140 260 140 320 140 380 140 440 140 440 0 0 0
0 85 413 144 0 86 413 145 413 32 381 0 32 0 0 32
0 113 32 145 381 145 413 113 413 0 0 59
0 113 32 145 381 145 413 113 413 0 0 59
0 160 60 160 120 160 180 160 450 160 450 0 0 0
0 160 60 160 120 160 180 160 450 160 450 0 0 0
0 160 60 160 120 160 180 160 450 160 450 0 0 0
0 160 60 160 120 160 180 160 450 160 450 0 0 0
0 160 60 160 120 160 180 160 450 160 450 0 0 0
0 160 60 160 120 160 180 160 450 160 450 0 0 0
0 160 60 160 120 160 180 160 450 160 450 0 0 0
0 160 60 160 120 160 180 160 450 160 450 0 0 0
0 160 60 160 120 160 180 160 450 160 450 0 0 0
0 160 60 160 120 160 180 160 450 160 450 0 0 0
0 160 60 160 120 160 180 160 450 160 450 0 0 0
0 160 60 160 120 160 180 160 450 160 450 0 0 0
0 85 413 144 0 86 413 145 413 32 381 0 32 0 0 32
0 145 375 145 375 145 405 115 405 0 405 0 249 0 0 38
0 145 375 145 375 145 405 115 405 0 405 0 249 0 0 38
0 145 375 145 375 145 405 115 405 0 405 0 249 0 0 38
0 145 375 145 375 145 405 115 405 0 405 0 249 0 0 38
0 159 60 236 120 313 180 391 260 493 354 493 403 444 403 50 354 0 0 0
0 159 60 236 120 313 180 391 260 493 354 493 403 444 403 50 354 0 0 0
354 0 403 50 403 532 354 581 260 581 180 567 120 556 60 545 0 535 0 335 260 0
354 0 403 50 403 532 354 581 260 581 180 567 120 556 60 545 0 535 0 335 260 0
0 96 80 96 140 96 351 96 368 79 368 0 0 0
0 96 80 96 140 96 351 96 368 79 368 0 0 0
0 96 80 96 140 96 351 96 368 79 368 0 0 0
0 96 80 96 140 96 351 96 368 79 368 0 0 0
0 143 332 143 366 120 366 0 306 0 0 15
0 143 332 143 366 120 366 0 306 0 0 15
0 0 0 128 306 143 366 143 366 23 332 0 0 0
0 0 0 128 306 143 366 143 366 23 332 0 0 0
0 96 40 96 100 96 329 96 329 18 311 0 0 0
0 96 40 96 100 96 329 96 329 18 311 0 0 0
0 96 40 96 100 96 329 96 329 18 311 0 0 0
0 96 40 96 100 96 329 96 329 18 311 0 0 0
300 0 300 150 260 150 0 20 0 0
300 0 300 150 260 150 0 20 0 0
300 0 300 150 260 150 0 20 0 0
300 0 300 150 260 150 0 20 0 0
300 0 300 150 260 150 0 20 0 0
300 0 300 150 260 150 0 20 0 0
300 0 300 150 260 150 0 20 0 0
300 0 300 150 260 150 0 20 0 0
300 0 300 150 260 150 0 20 0 0
300 0 300 150 260 150 0 20 0 0
300 0 300 150 260 150 0 20 0 0
300 0 300 150 260 150 0 20 0 0
300 0 300 150 260 150 0 20 0 0
300 0 300 150 260 150 0 20 0 0
0 430 250 560 300 560 300 434 294 433 289 430 286 425 285 419 286 413 289 408 294 405 300 404 300 376 294 375 289 372 286 367 285 361 286 355 289 350 294 347 300 346 300 214 294 213 289 210 286 205 285 199 286 193 289 188 294 185 300 184 300 160 294 159 289 156 286 151 285 145 286 139 289 134 294 131 300 130 300 0 250 0 0 130
0 430 250 560 300 560 300 434 294 433 289 430 286 425 285 419 286 413 289 408 294 405 300 404 300 376 294 375 289 372 286 367 285 361 286 355 289 350 294 347 300 346 300 214 294 213 289 210 286 205 285 199 286 193 289 188 294 185 300 184 300 160 294 159 289 156 286 151 285 145 286 139 289 134 294 131 300 130 300 0 250 0 0 130
0 430 250 560 300 560 300 434 294 433 289 430 286 425 285 419 286 413 289 408 294 405 300 404 300 376 294 375 289 372 286 367 285 361 286 355 289 350 294 347 300 346 300 214 294 213 289 210 286 205 285 199 286 193 289 188 294 185 300 184 300 160 294 159 289 156 286 151 285 145 286 139 289 134 294 131 300 130 300 0 250 0 0 130
0 430 250 560 300 560 300 434 294 433 289 430 286 425 285 419 286 413 289 408 294 405 300 404 300 376 294 375 289 372 286 367 285 361 286 355 289 350 294 347 300 346 300 214 294 213 289 210 286 205 285 199 286 193 289 188 294 185 300 184 300 160 294 159 289 156 286 151 285 145 286 139 289 134 294 131 300 130 300 0 250 0 0 130
0 430 250 560 300 560 300 434 294 433 289 430 286 425 285 419 286 413 289 408 294 405 300 404 300 376 294 375 289 372 286 367 285 361 286 355 289 350 294 347 300 346 300 214 294 213 289 210 286 205 285 199 286 193 289 188 294 185 300 184 300 160 294 159 289 156 286 151 285 145 286 139 289 134 294 131 300 130 300 0 250 0 0 130
0 430 250 560 300 560 300 434 294 433 289 430 286 425 285 419 286 413 289 408 294 405 300 404 300 376 294 375 289 372 286 367 285 361 286 355 289 350 294 347 300 346 300 214 294 213 289 210 286 205 285 199 286 193 289 188 294 185 300 184 300 160 294 159 289 156 286 151 285 145 286 139 289 134 294 131 300 130 300 0 250 0 0 130
123 271 152 305 162 306 201 310 310 323 418 0 144 5 0 129
0 590 250 720 300 720 300 590 294 589 289 586 286 581 285 575 286 569 289 564 294 561 300 560 300 536 294 535 289 532 286 527 285 521 286 515 289 510 294 507 300 506 300 384 294 383 289 380 286 375 285 369 286 363 289 358 294 355 300 354 300 326 294 325 289 322 286 317 285 311 286 305 289 300 294 297 300 296 300 206 294 205 289 202 286 197 285 191 286 185 289 180 294 177 300 176 300 146 294 145 289 142 286 137 285 131 286 125 289 120 294 117 300 116 300 0 250 0 0 130
0 590 250 720 300 720 300 590 294 589 289 586 286 581 285 575 286 569 289 564 294 561 300 560 300 536 294 535 289 532 286 527 285 521 286 515 289 510 294 507 300 506 300 384 294 383 289 380 286 375 285 369 286 363 289 358 294 355 300 354 300 326 294 325 289 322 286 317 285 311 286 305 289 300 294 297 300 296 300 206 294 205 289 202 286 197 285 191 286 185 289 180 294 177 300 176 300 146 294 145 289 142 286 137 285 131 286 125 289 120 294 117 300 116 300 0 250 0 0 130
0 590 250 720 300 720 300 590 294 589 289 586 286 581 285 575 286 569 289 564 294 561 300 560 300 536 294 535 289 532 286 527 285 521 286 515 289 510 294 507 300 506 300 384 294 383 289 380 286 375 285 369 286 363 289 358 294 355 300 354 300 326 294 325 289 322 286 317 285 311 286 305 289 300 294 297 300 296 300 206 294 205 289 202 286 197 285 191 286 185 289 180 294 177 300 176 300 146 294 145 289 142 286 137 285 131 286 125 289 120 294 117 300 116 300 0 250 0 0 130
0 590 250 720 300 720 300 590 294 589 289 586 286 581 285 575 286 569 289 564 294 561 300 560 300 536 294 535 289 532 286 527 285 521 286 515 289 510 294 507 300 506 300 384 294 383 289 380 286 375 285 369 286 363 289 358 294 355 300 354 300 326 294 325 289 322 286 317 285 311 286 305 289 300 294 297 300 296 300 206 294 205 289 202 286 197 285 191 286 185 289 180 294 177 300 176 300 146 294 145 289 142 286 137 285 131 286 125 289 120 294 117 300 116 300 0 250 0 0 130
0 300 50 300 250 300 300 300 300 0 0 0
0 300 50 300 250 300 300 300 300 0 0 0
0 192 270 192 300 162 300 0 262 0 0 136
0 192 270 192 300 162 300 0 262 0 0 136
0 192 270 192 300 162 300 0 262 0 0 136
0 192 270 192 300 162 300 0 262 0 0 136
0 192 270 192 300 162 300 0 262 0 0 136
0 192 270 192 300 162 300 0 262 0 0 136
0 192 270 192 300 162 300 0 262 0 0 136
0 192 270 192 300 162 300 0 262 0 0 136
0 192 270 192 300 162 300 0 262 0 0 136
0 192 270 192 300 162 300 0 262 0 0 136
0 192 270 192 300 162 300 0 262 0 0 136
0 192 270 192 300 162 300 0 262 0 0 136
0 192 270 192 300 162 300 0 262 0 0 136
0 192 270 192 300 162 300 0 262 0 0 136
0 192 270 192 300 162 300 0 262 0 0 136
0 192 270 192 300 162 300 0 262 0 0 136
0 192 270 192 300 162 300 0 262 0 0 136
0 192 270 192 300 162 300 0 262 0 0 136
0 192 270 192 300 162 300 0 262 0 0 136
0 192 270 192 300 162 300 0 262 0 0 136
0 192 270 192 300 162 300 0 262 0 0 136
0 192 270 192 300 162 300 0 262 0 0 136
0 192 270 192 300 162 300 0 262 0 0 136
0 192 270 192 300 162 300 0 262 0 0 136
0 192 270 192 300 162 300 0 262 0 0 136
0 192 270 192 300 162 300 0 262 0 0 136
0 192 270 192 300 162 300 0 262 0 0 136
0 192 270 192 300 162 300 0 262 0 0 136
0 192 270 192 300 162 300 0 262 0 0 136
0 192 270 192 300 162 300 0 262 0 0 136
0 192 270 192 300 162 300 0 262 0 0 136
0 192 270 192 300 162 300 0 262 0 0 136
0 192 270 192 300 162 300 0 262 0 0 136
0 192 270 192 300 162 300 0 262 0 0 136
0 192 270 192 300 162 300 0 262 0 0 136
0 192 270 192 300 162 300 0 262 0 0 136
0 192 270 192 300 162 300 0 262 0 0 136
0 192 270 192 300 162 300 0 262 0 0 136
0 192 270 192 300 162 300 0 262 0 0 136
0 192 270 192 300 162 300 0 262 0 0 136
0 192 270 192 300 162 300 0 262 0 0 136
0 192 270 192 300 162 300 0 262 0 0 136
0 192 270 192 300 162 300 0 262 0 0 136
0 192 270 192 300 162 300 0 262 0 0 136
0 192 270 192 300 162 300 0 262 0 0 136
0 192 270 192 300 162 300 0 262 0 0 136
0 192 270 192 300 162 300 0 262 0 0 136
0 192 270 192 300 162 300 0 262 0 0 136
0 192 270 192 300 162 300 0 262 0 0 136
0 192 270 192 300 162 300 0 262 0 0 136
0 192 270 192 300 162 300 0 262 0 0 136
0 192 270 192 300 162 300 0 262 0 0 136
0 192 270 192 300 162 300 0 262 0 0 136
0 192 270 192 300 162 300 0 262 0 0 136
0 575 240 700 300 700 300 526 294 525 289 522 286 517 285 511 286 505 289 500 294 497 300 496 300 204 299 204 294 203 289 200 286 195 284 189 286 183 289 178 294 175 299 174 300 174 300 0 240 0 0 125
250 0 300 0 300 130 270 160 0 160 0 130
250 0 300 0 300 130 270 160 0 160 0 130
250 0 300 0 300 130 270 160 0 160 0 130
250 0 300 0 300 130 270 160 0 160 0 130
250 0 300 0 300 130 270 160 0 160 0 130
250 0 300 0 300 130 270 160 0 160 0 130
250 0 300 0 300 130 270 160 0 160 0 130
250 0 300 0 300 130 270 160 0 160 0 130
250 0 300 0 300 130 270 160 0 160 0 130
250 0 300 0 300 130 270 160 0 160 0 130
0 152 270 152 300 122 300 0 185 0 0 96
0 152 270 152 300 122 300 0 185 0 0 96
0 152 270 152 300 122 300 0 185 0 0 96
0 152 270 152 300 122 300 0 185 0 0 96
0 152 270 152 300 122 300 0 185 0 0 96
0 152 270 152 300 122 300 0 185 0 0 96
0 152 270 152 300 122 300 0 185 0 0 96
0 152 270 152 300 122 300 0 185 0 0 96
0 152 270 152 300 122 300 0 185 0 0 96
0 152 270 152 300 122 300 0 185 0 0 96
0 152 270 152 300 122 300 0 185 0 0 96
0 152 270 152 300 122 300 0 185 0 0 96
0 152 270 152 300 122 300 0 185 0 0 96
0 152 270 152 300 122 300 0 185 0 0 96
0 152 270 152 300 122 300 0 185 0 0 96
0 152 270 152 300 122 300 0 185 0 0 96
0 152 270 152 300 122 300 0 185 0 0 96
0 152 270 152 300 122 300 0 185 0 0 96
0 152 270 152 300 122 300 0 185 0 0 96
0 152 270 152 300 122 300 0 185 0 0 96
0 152 270 152 300 122 300 0 185 0 0 96
0 152 270 152 300 122 300 0 185 0 0 96
0 152 270 152 300 122 300 0 185 0 0 96
0 152 270 152 300 122 300 0 185 0 0 96
0 30 240 155 300 155 300 30 270 0 0 0
0 30 240 155 300 155 300 30 270 0 0 0
0 35 250 165 300 165 300 35 265 0 0 0
0 35 250 165 300 165 300 35 265 0 0 0
0 35 250 165 300 165 300 35 265 0 0 0
0 35 250 165 300 165 300 35 265 0 0 0
0 30 250 160 300 160 300 30 270 0 0 0
0 30 250 160 300 160 300 30 270 0 0 0
0 30 250 160 300 160 300 30 270 0 0 0
0 30 250 160 300 160 300 30 270 0 0 0
300 0 300 130 294 131 289 134 286 139 285 145 286 151 289 156 294 159 300 160 300 184 294 185 289 188 286 193 285 199 286 205 289 210 294 213 300 214 300 374 299 374 294 375 289 378 286 383 284 389 286 395 289 400 294 403 299 404 300 404 300 630 294 631 289 634 286 639 285 645 286 651 289 656 294 659 300 660 300 886 294 887 289 890 286 895 285 901 286 907 289 912 294 915 300 916 300 940 294 941 289 944 286 949 285 955 286 961 289 966 294 969 300 970 300 1100 250 1100 0 970 0 130 250 0 0 130
300 0 300 130 294 131 289 134 286 139 285 145 286 151 289 156 294 159 300 160 300 184 294 185 289 188 286 193 285 199 286 205 289 210 294 213 300 214 300 374 299 374 294 375 289 378 286 383 284 389 286 395 289 400 294 403 299 404 300 404 300 630 294 631 289 634 286 639 285 645 286 651 289 656 294 659 300 660 300 886 294 887 289 890 286 895 285 901 286 907 289 912 294 915 300 916 300 940 294 941 289 944 286 949 285 955 286 961 289 966 294 969 300 970 300 1100 250 1100 0 970 0 130 250 0 0 130
300 0 300 130 294 131 289 134 286 139 285 145 286 151 289 156 294 159 300 160 300 184 294 185 289 188 286 193 285 199 286 205 289 210 294 213 300 214 300 374 299 374 294 375 289 378 286 383 284 389 286 395 289 400 294 403 299 404 300 404 300 630 294 631 289 634 286 639 285 645 286 651 289 656 294 659 300 660 300 886 294 887 289 890 286 895 285 901 286 907 289 912 294 915 300 916 300 940 294 941 289 944 286 949 285 955 286 961 289 966 294 969 300 970 300 1100 250 1100 0 970 0 130 250 0 0 130
300 0 300 130 294 131 289 134 286 139 285 145 286 151 289 156 294 159 300 160 300 184 294 185 289 188 286 193 285 199 286 205 289 210 294 213 300 214 300 374 299 374 294 375 289 378 286 383 284 389 286 395 289 400 294 403 299 404 300 404 300 630 294 631 289 634 286 639 285 645 286 651 289 656 294 659 300 660 300 886 294 887 289 890 286 895 285 901 286 907 289 912 294 915 300 916 300 940 294 941 289 944 286 949 285 955 286 961 289 966 294 969 300 970 300 1100 250 1100 0 970 0 130 250 0 0 130
300 0 300 130 294 131 289 134 286 139 285 145 286 151 289 156 294 159 300 160 300 184 294 185 289 188 286 193 285 199 286 205 289 210 294 213 300 214 300 374 299 374 294 375 289 378 286 383 284 389 286 395 289 400 294 403 299 404 300 404 300 630 294 631 289 634 286 639 285 645 286 651 289 656 294 659 300 660 300 886 294 887 289 890 286 895 285 901 286 907 289 912 294 915 300 916 300 940 294 941 289 944 286 949 285 955 286 961 289 966 294 969 300 970 300 1100 250 1100 0 970 0 130 250 0 0 130
300 0 300 130 294 131 289 134 286 139 285 145 286 151 289 156 294 159 300 160 300 184 294 185 289 188 286 193 285 199 286 205 289 210 294 213 300 214 300 374 299 374 294 375 289 378 286 383 284 389 286 395 289 400 294 403 299 404 300 404 300 630 294 631 289 634 286 639 285 645 286 651 289 656 294 659 300 660 300 886 294 887 289 890 286 895 285 901 286 907 289 912 294 915 300 916 300 940 294 941 289 944 286 949 285 955 286 961 289 966 294 969 300 970 300 1100 250 1100 0 970 0 130 250 0 0 130
300 0 300 130 294 131 289 134 286 139 285 145 286 151 289 156 294 159 300 160 300 184 294 185 289 188 286 193 285 199 286 205 289 210 294 213 300 214 300 374 299 374 294 375 289 378 286 383 284 389 286 395 289 400 294 403 299 404 300 404 300 630 294 631 289 634 286 639 285 645 286 651 289 656 294 659 300 660 300 886 294 887 289 890 286 895 285 901 286 907 289 912 294 915 300 916 300 940 294 941 289 944 286 949 285 955 286 961 289 966 294 969 300 970 300 1100 250 1100 0 970 0 130 250 0 0 130
300 0 300 130 294 131 289 134 286 139 285 145 286 151 289 156 294 159 300 160 300 184 294 185 289 188 286 193 285 199 286 205 289 210 294 213 300 214 300 374 299 374 294 375 289 378 286 383 284 389 286 395 289 400 294 403 299 404 300 404 300 630 294 631 289 634 286 639 285 645 286 651 289 656 294 659 300 660 300 886 294 887 289 890 286 895 285 901 286 907 289 912 294 915 300 916 300 940 294 941 289 944 286 949 285 955 286 961 289 966 294 969 300 970 300 1100 250 1100 0 970 0 130 250 0 0 130
0 60 400 60 400 40 50 0 0 0
0 60 400 60 400 40 50 0 0 0
0 60 400 60 400 40 50 0 0 0
0 60 400 60 400 40 50 0 0 0
0 60 400 60 400 40 50 0 0 0
0 60 400 60 400 40 50 0 0 0
0 60 400 60 400 40 50 0 0 0
0 60 400 60 400 40 50 0 0 0
0 60 400 60 400 40 50 0 0 0
0 60 400 60 400 40 50 0 0 0
0 60 400 60 400 40 50 0 0 0
0 60 400 60 400 40 50 0 0 0
0 60 400 60 400 40 50 0 0 0
0 60 400 60 400 40 50 0 0 0
0 60 400 60 400 40 50 0 0 0
0 60 400 60 400 40 50 0 0 0
0 60 400 60 400 40 50 0 0 0
0 60 400 60 400 40 50 0 0 0
0 60 400 60 400 40 50 0 0 0
0 60 400 60 400 40 50 0 0 0
0 575 240 700 300 700 300 526 299 526 294 525 289 522 286 517 284 511 286 505 289 500 294 497 299 496 300 496 300 0 240 0 0 125
0 770 250 900 300 900 300 771 294 770 289 767 286 762 285 756 286 750 289 745 294 742 300 741 300 721 299 721 294 720 289 717 286 712 284 706 286 700 289 695 294 692 299 691 300 691 300 465 294 464 289 461 286 456 285 450 286 444 289 439 294 436 300 435 300 209 294 208 289 205 286 200 285 194 286 188 289 183 294 180 300 179 300 160 294 159 289 156 286 151 285 145 286 139 289 134 294 131 300 130 300 0 250 0 0 130
0 770 250 900 300 900 300 771 294 770 289 767 286 762 285 756 286 750 289 745 294 742 300 741 300 721 299 721 294 720 289 717 286 712 284 706 286 700 289 695 294 692 299 691 300 691 300 465 294 464 289 461 286 456 285 450 286 444 289 439 294 436 300 435 300 209 294 208 289 205 286 200 285 194 286 188 289 183 294 180 300 179 300 160 294 159 289 156 286 151 285 145 286 139 289 134 294 131 300 130 300 0 250 0 0 130
0 770 250 900 300 900 300 0 250 0 0 130
0 770 250 900 300 900 300 770 294 769 289 766 286 761 285 755 286 749 289 744 294 741 300 740 300 159 294 158 289 155 286 150 285 144 286 138 289 133 294 130 300 129 300 0 250 0 0 130
278 0 298 20 298 116 0 72 0 30 30 0
278 0 298 20 298 116 0 72 0 30 30 0
30 0 31 0 269 0 289 20 289 116 0 68 0 37 0 35 30 0
30 116 0 81 0 79 31 116 269 116 289 96 289 0 0 48
0 102 40 102 100 102 284 102 284 24 260 0 0 0
0 102 40 102 100 102 284 102 284 24 260 0 0 0
0 102 40 102 100 102 284 102 284 24 260 0 0 0
0 102 40 102 100 102 284 102 284 24 260 0 0 0
0 102 40 102 100 102 284 102 284 24 260 0 0 0
0 102 40 102 100 102 284 102 284 24 260 0 0 0
0 102 40 102 100 102 284 102 284 24 260 0 0 0
0 102 40 102 100 102 284 102 284 24 260 0 0 0
0 102 40 102 100 102 284 102 284 24 260 0 0 0
0 102 40 102 100 102 284 102 284 24 260 0 0 0
0 102 40 102 100 102 284 102 284 24 260 0 0 0
0 102 40 102 100 102 284 102 284 24 260 0 0 0
0 102 40 102 100 102 284 102 284 24 260 0 0 0
0 102 40 102 100 102 284 102 284 24 260 0 0 0
0 102 40 102 100 102 284 102 284 24 260 0 0 0
0 102 40 102 100 102 284 102 284 24 260 0 0 0
0 102 40 102 100 102 284 102 284 24 260 0 0 0
0 102 40 102 100 102 284 102 284 24 260 0 0 0
0 102 40 102 100 102 284 102 284 24 260 0 0 0
0 102 40 102 100 102 284 102 284 24 260 0 0 0
0 102 40 102 100 102 284 102 284 24 260 0 0 0
0 102 40 102 100 102 284 102 284 24 260 0 0 0
0 102 40 102 100 102 284 102 284 24 260 0 0 0
0 102 40 102 100 102 284 102 284 24 260 0 0 0
0 102 40 102 100 102 284 102 284 24 260 0 0 0
0 102 40 102 100 102 284 102 284 24 260 0 0 0
0 102 40 102 100 102 284 102 284 24 260 0 0 0
0 102 40 102 100 102 284 102 284 24 260 0 0 0
0 102 40 102 100 102 284 102 284 24 260 0 0 0
0 102 40 102 100 102 284 102 284 24 260 0 0 0
0 102 40 102 100 102 284 102 284 24 260 0 0 0
0 102 40 102 100 102 284 102 284 24 260 0 0 0
0 102 40 102 100 102 284 102 284 24 260 0 0 0
0 102 40 102 100 102 284 102 284 24 260 0 0 0
0 102 40 102 100 102 284 102 284 24 260 0 0 0
0 102 40 102 100 102 284 102 284 24 260 0 0 0
0 102 40 102 100 102 284 102 284 24 260 0 0 0
0 102 40 102 100 102 284 102 284 24 260 0 0 0
0 102 40 102 100 102 284 102 284 24 260 0 0 0
0 102 40 102 100 102 284 102 284 24 260 0 0 0
0 102 40 102 100 102 284 102 284 24 260 0 0 0
0 102 40 102 100 102 284 102 284 24 260 0 0 0
0 102 40 102 100 102 284 102 284 24 260 0 0 0
0 102 40 102 100 102 284 102 284 24 260 0 0 0
0 102 40 102 100 102 284 102 284 24 260 0 0 0
0 102 40 102 100 102 284 102 284 24 260 0 0 0
0 102 40 102 100 102 284 102 284 24 260 0 0 0
0 102 40 102 100 102 284 102 284 24 260 0 0 0
0 102 40 102 100 102 284 102 284 24 260 0 0 0
0 102 40 102 100 102 284 102 284 24 260 0 0 0
0 102 40 102 100 102 284 102 284 24 260 0 0 0
0 102 40 102 100 102 284 102 284 24 260 0 0 0
0 102 40 102 100 102 284 102 284 24 260 0 0 0
0 102 40 102 100 102 284 102 284 24 260 0 0 0
0 102 40 102 100 102 284 102 284 24 260 0 0 0
0 102 40 102 100 102 284 102 284 24 260 0 0 0
0 102 40 102 100 102 284 102 284 24 260 0 0 0
0 102 40 102 100 102 284 102 284 24 260 0 0 0
0 102 40 102 100 102 284 102 284 24 260 0 0 0
0 102 40 102 100 102 284 102 284 24 260 0 0 0
0 102 40 102 100 102 284 102 284 24 260 0 0 0
0 102 40 102 100 102 284 102 284 24 260 0 0 0
0 102 40 102 100 102 284 102 284 24 260 0 0 0
0 102 40 102 100 102 284 102 284 24 260 0 0 0
260 0 284 24 284 413 0 413 0 330 180 0
260 0 284 24 284 413 0 413 0 330 180 0
260 0 284 24 284 413 0 413 0 330 180 0
260 0 284 24 284 413 0 413 0 330 180 0
260 0 284 24 284 413 0 413 0 330 180 0
260 0 284 24 284 413 0 413 0 330 180 0
260 0 284 24 284 413 0 413 0 330 180 0
260 0 284 24 284 413 0 413 0 330 180 0
260 0 284 24 284 413 0 413 0 330 180 0
260 0 284 24 284 413 0 413 0 330 180 0
260 0 284 24 284 413 0 413 0 330 180 0
260 0 284 24 284 413 0 413 0 330 180 0
260 0 284 24 284 413 0 413 0 330 180 0
260 0 284 24 284 413 0 413 0 330 180 0
260 0 284 24 284 413 0 413 0 330 180 0
260 0 284 24 284 413 0 413 0 330 180 0
260 0 284 24 284 413 0 413 0 330 180 0
260 0 284 24 284 413 0 413 0 330 180 0
260 0 284 24 284 413 0 413 0 330 180 0
260 0 284 24 284 413 0 413 0 330 180 0
260 0 284 24 284 413 0 413 0 330 180 0
260 0 284 24 284 413 0 413 0 330 180 0
260 0 284 24 284 413 0 413 0 330 180 0
260 0 284 24 284 413 0 413 0 330 180 0
260 0 284 24 284 413 0 413 0 330 180 0
260 0 284 24 284 413 0 413 0 330 180 0
260 0 284 24 284 413 0 413 0 330 180 0
260 0 284 24 284 413 0 413 0 330 180 0
260 0 284 24 284 413 0 413 0 330 180 0
260 0 284 24 284 413 0 413 0 330 180 0
260 0 284 24 284 413 0 413 0 330 180 0
260 0 284 24 284 413 0 413 0 330 180 0
260 0 284 24 284 413 0 413 0 330 180 0
260 0 284 24 284 413 0 413 0 330 180 0
260 0 284 24 284 413 0 413 0 330 180 0
260 0 284 24 284 413 0 413 0 330 180 0
260 0 284 24 284 413 0 413 0 330 180 0
260 0 284 24 284 413 0 413 0 330 180 0
260 0 284 24 284 413 0 413 0 330 180 0
260 0 284 24 284 413 0 413 0 330 180 0
260 0 284 24 284 413 0 413 0 330 180 0
260 0 284 24 284 413 0 413 0 330 180 0
260 0 284 24 284 413 0 413 0 330 180 0
260 0 284 24 284 413 0 413 0 330 180 0
260 0 284 24 284 413 0 413 0 330 180 0
260 0 284 24 284 413 0 413 0 330 180 0
260 0 284 24 284 413 0 413 0 330 180 0
260 0 284 24 284 413 0 413 0 330 180 0
260 0 284 24 284 413 0 413 0 330 180 0
260 0 284 24 284 413 0 413 0 330 180 0
260 0 284 24 284 413 0 413 0 330 180 0
260 0 284 24 284 413 0 413 0 330 180 0
260 0 284 24 284 413 0 413 0 330 180 0
260 0 284 24 284 413 0 413 0 330 180 0
260 0 284 24 284 413 0 413 0 330 180 0
260 0 284 24 284 413 0 413 0 330 180 0
260 0 284 24 284 413 0 413 0 330 180 0
260 0 284 24 284 413 0 413 0 330 180 0
260 0 284 24 284 413 0 413 0 330 180 0
260 0 284 24 284 413 0 413 0 330 180 0
260 0 284 24 284 413 0 413 0 330 180 0
260 0 284 24 284 413 0 413 0 330 180 0
260 0 284 24 284 413 0 413 0 330 180 0
260 0 284 24 284 413 0 413 0 330 180 0
254 0 284 30 284 372 0 372 0 289 157 0
254 0 284 30 284 372 0 372 0 289 157 0
254 0 284 30 284 372 0 372 0 289 157 0
254 0 284 30 284 372 0 372 0 289 157 0
0 60 400 60 400 40 50 0 0 0
254 0 284 30 284 364 0 364 0 282 154 0
254 0 284 30 284 364 0 364 0 282 154 0
0 83 154 364 256 364 284 335 284 0 0 0
0 83 154 364 256 364 284 335 284 0 0 0
0 206 40 206 100 206 244 206 266 184 266 22 244 0 0 0
0 206 40 206 100 206 244 206 266 184 266 22 244 0 0 0
0 206 40 206 100 206 244 206 266 184 266 22 244 0 0 0
0 206 40 206 100 206 244 206 266 184 266 22 244 0 0 0
0 206 40 206 100 206 244 206 266 184 266 22 244 0 0 0
0 206 40 206 100 206 244 206 266 184 266 22 244 0 0 0
0 206 40 206 100 206 244 206 266 184 266 22 244 0 0 0
0 206 40 206 100 206 244 206 266 184 266 22 244 0 0 0
0 206 40 206 100 206 244 206 266 184 266 22 244 0 0 0
0 206 40 206 100 206 244 206 266 184 266 22 244 0 0 0
0 180 250 180 250 0 200 0 0 160
0 180 250 180 250 0 200 0 0 160
0 180 250 180 250 0 200 0 0 160
0 180 250 180 250 0 200 0 0 160
0 150 212 150 212 0 0 0
0 150 209 150 209 0 0 0
112 0 171 0 201 30 201 215 172 250 20 276 0 252 73 29
170 25 199 60 199 245 169 275 108 275 69 246 0 24 21 0
0 88 124 150 164 150 164 0 0 0
0 88 124 150 164 150 164 0 0 0
0 206 40 206 100 206 150 206 150 0 0 0
0 206 40 206 100 206 150 206 150 0 0 0
0 206 40 206 100 206 150 206 150 0 0 0
0 206 40 206 100 206 150 206 150 0 0 0
0 206 40 206 100 206 150 206 150 0 0 0
0 206 40 206 100 206 150 206 150 0 0 0
0 206 40 206 100 206 150 206 150 0 0 0
0 206 40 206 100 206 150 206 150 0 0 0
0 206 40 206 100 206 150 206 150 0 0 0
0 206 40 206 100 206 150 206 150 0 0 0
0 206 40 206 100 206 150 206 150 0 0 0
0 206 40 206 100 206 150 206 150 0 0 0
0 206 40 206 100 206 150 206 150 0 0 0
0 206 40 206 100 206 150 206 150 0 0 0
0 206 40 206 100 206 150 206 150 0 0 0
0 206 40 206 100 206 150 206 150 0 0 0
0 206 40 206 100 206 150 206 150 0 0 0
0 206 40 206 100 206 150 206 150 0 0 0
0 0 0 45 181 45 400 20 400 0 0 0
0 0 0 45 181 45 400 20 400 0 0 0
0 0 0 45 181 45 400 20 400 0 0 0
0 206 50 206 150 206 150 0 0 0
0 206 50 206 150 206 150 0 0 0
0 206 50 206 150 206 150 0 0 0
0 206 50 206 150 206 150 0 0 0
117 0 145 28 145 324 117 352 0 352 0 0
117 0 145 28 145 324 117 352 0 352 0 0
117 0 145 28 145 324 117 352 0 352 0 0
117 0 145 28 145 324 117 352 0 352 0 0
117 0 145 28 145 324 117 352 0 352 0 0
117 0 145 28 145 324 117 352 0 352 0 0
117 0 145 28 145 324 117 352 0 352 0 0
117 0 145 28 145 324 117 352 0 352 0 0
117 0 145 28 145 324 117 352 0 352 0 0
117 0 145 28 145 324 117 352 0 352 0 0
117 0 145 28 145 324 117 352 0 352 0 0
117 0 145 28 145 324 117 352 0 352 0 0
117 0 145 28 145 324 117 352 0 352 0 0
117 0 145 28 145 324 117 352 0 352 0 0
117 0 145 28 145 324 117 352 0 352 0 0
117 0 145 28 145 324 117 352 0 352 0 0
117 0 145 28 145 324 117 352 0 352 0 0
117 0 145 28 145 324 117 352 0 352 0 0
117 0 145 28 145 324 117 352 0 352 0 0
0 903 116 903 144 875 144 28 116 0 0 0
0 903 116 903 144 875 144 28 116 0 0 0
0 903 116 903 144 875 144 28 116 0 0 0
0 903 116 903 144 875 144 28 116 0 0 0
0 903 116 903 144 875 144 28 116 0 0 0
0 903 116 903 144 875 144 28 116 0 0 0
0 903 116 903 144 875 144 28 116 0 0 0
0 903 116 903 144 875 144 28 116 0 0 0
0 0 0 713 116 713 144 685 144 28 116 0 0 0
0 0 0 713 116 713 144 685 144 28 116 0 0 0
0 0 0 713 116 713 144 685 144 28 116 0 0 0
0 0 0 713 116 713 144 685 144 28 116 0 0 0
0 723 116 723 144 695 144 28 116 0 0 0
0 723 116 723 144 695 144 28 116 0 0 0
0 723 116 723 144 695 144 28 116 0 0 0
0 723 116 723 144 695 144 28 116 0 0 0
0 540 94 540 144 490 144 50 94 0 0 0
0 540 94 540 144 490 144 50 94 0 0 0
0 540 94 540 144 490 144 50 94 0 0 0
0 540 94 540 144 490 144 50 94 0 0 0
0 540 94 540 144 490 144 50 94 0 0 0
0 540 94 540 144 490 144 50 94 0 0 0
0 540 94 540 144 490 144 50 94 0 0 0
0 540 94 540 144 490 144 50 94 0 0 0
0 540 94 540 144 490 144 50 94 0 0 0
0 540 94 540 144 490 144 50 94 0 0 0
0 540 94 540 144 490 144 50 94 0 0 0
0 540 94 540 144 490 144 50 94 0 0 0
0 540 94 540 144 490 144 50 94 0 0 0
0 540 94 540 144 490 144 50 94 0 0 0
0 540 94 540 144 490 144 50 94 0 0 0
0 540 94 540 144 490 144 50 94 0 0 0
0 540 94 540 144 490 144 50 94 0 0 0
0 540 94 540 144 490 144 50 94 0 0 0
0 540 94 540 144 490 144 50 94 0 0 0
0 540 94 540 144 490 144 50 94 0 0 0
0 540 94 540 144 490 144 50 94 0 0 0
0 540 94 540 144 490 144 50 94 0 0 0
0 540 94 540 144 490 144 50 94 0 0 0
0 540 94 540 144 490 144 50 94 0 0 0
0 540 94 540 144 490 144 50 94 0 0 0
0 540 94 540 144 490 144 50 94 0 0 0
0 540 94 540 144 490 144 50 94 0 0 0
0 540 94 540 144 490 144 50 94 0 0 0
0 540 94 540 144 490 144 50 94 0 0 0
0 540 94 540 144 490 144 50 94 0 0 0
0 540 94 540 144 490 144 50 94 0 0 0
0 540 94 540 144 490 144 50 94 0 0 0
0 540 94 540 144 490 144 50 94 0 0 0
0 540 94 540 144 490 144 50 94 0 0 0
0 540 94 540 144 490 144 50 94 0 0 0
0 540 94 540 144 490 144 50 94 0 0 0
0 540 94 540 144 490 144 50 94 0 0 0
0 540 94 540 144 490 144 50 94 0 0 0
0 540 94 540 144 490 144 50 94 0 0 0
0 540 94 540 144 490 144 50 94 0 0 0
0 540 94 540 144 490 144 50 94 0 0 0
0 540 94 540 144 490 144 50 94 0 0 0
0 540 94 540 144 490 144 50 94 0 0 0
0 540 94 540 144 490 144 50 94 0 0 0
0 540 94 540 144 490 144 50 94 0 0 0
0 540 94 540 144 490 144 50 94 0 0 0
0 540 94 540 144 490 144 50 94 0 0 0
0 540 94 540 144 490 144 50 94 0 0 0
0 540 94 540 144 490 144 50 94 0 0 0
0 540 94 540 144 490 144 50 94 0 0 0
0 540 94 540 144 490 144 50 94 0 0 0
0 540 94 540 144 490 144 50 94 0 0 0
0 540 94 540 144 490 144 50 94 0 0 0
0 540 94 540 144 490 144 50 94 0 0 0
0 540 94 540 144 490 144 50 94 0 0 0
0 540 94 540 144 490 144 50 94 0 0 0
0 94 116 94 143 67 143 28 116 0 0 0
0 94 116 94 143 67 143 28 116 0 0 0
0 94 116 94 143 67 143 28 116 0 0 0
0 94 116 94 143 67 143 28 116 0 0 0
0 100 50 100 1187 100 1237 100 1237 0 0 0
0 100 50 100 1187 100 1237 100 1237 0 0 0
0 100 50 100 1187 100 1237 100 1237 0 0 0
0 100 50 100 1187 100 1237 100 1237 0 0 0
0 100 50 100 1187 100 1237 100 1237 0 0 0
0 100 50 100 1187 100 1237 100 1237 0 0 0
0 100 50 100 1187 100 1237 100 1237 0 0 0
0 100 50 100 1187 100 1237 100 1237 0 0 0
0 100 50 100 1187 100 1237 100 1237 0 0 0
0 100 50 100 1187 100 1237 100 1237 0 0 0
0 100 50 100 1187 100 1237 100 1237 0 0 0
0 100 50 100 1187 100 1237 100 1237 0 0 0
0 660 184 660 224 660 269 660 315 660 327 660 393 585 341 473 124 0 30 0 0 29
0 660 184 660 224 660 269 660 315 660 327 660 393 585 341 473 124 0 30 0 0 29
0 206 116 206 143 179 143 28 116 0 0 0
0 206 116 206 143 179 143 28 116 0 0 0
0 206 116 206 143 179 143 28 116 0 0 0
0 206 116 206 143 179 143 28 116 0 0 0
0 317 116 317 124 308 143 290 143 28 116 0 0 0
0 317 116 317 124 308 143 290 143 28 116 0 0 0
0 317 116 317 124 308 143 290 143 28 116 0 0 0
0 317 116 317 124 308 143 290 143 28 116 0 0 0
0 427 116 427 143 400 143 28 116 0 0 0
0 427 116 427 143 400 143 28 116 0 0 0
0 427 116 427 143 400 143 28 116 0 0 0
0 427 116 427 143 400 143 28 116 0 0 0
0 581 94 581 143 532 143 50 94 0 0 0
0 581 94 581 143 532 143 50 94 0 0 0
0 123 114 123 0 123 40 0
0 123 114 123 0 123 40 0
0 123 114 123 0 123 40 0
0 123 114 123 0 123 40 0
0 229 114 229 0 229 40 0
0 229 114 229 0 229 40 0
0 229 114 229 0 229 40 0
0 229 114 229 0 229 40 0
0 441 114 441 0 441 40 0
0 441 114 441 0 441 40 0
0 441 114 441 0 441 40 0
0 441 114 441 0 441 40 0
0 0 40 335 116 335 143 308 143 30 114 0 0 0
0 0 40 335 116 335 143 308 143 30 114 0 0 0
0 0 40 335 116 335 143 308 143 30 114 0 0 0
0 0 40 335 116 335 143 308 143 30 114 0 0 0
0 493 94 493 143 444 143 50 94 0 0 0
0 493 94 493 143 444 143 50 94 0 0 0
96 0 120 162 0 163 0 121 70 4
0 630 31 660 0 631 30 660 124 660 184 529 224 442 269 343 315 245 341 188 393 75 327 0 0 0
0 630 31 660 0 631 30 660 124 660 184 529 224 442 269 343 315 245 341 188 393 75 327 0 0 0
96 0 120 168 0 169 0 127 76 0
0 40 70 157 96 161 120 0 0 0
0 40 76 167 96 167 120 0 0 0
100 0 116 16 116 263 100 279 45 279 45 289 0 289 45 0
100 0 116 16 116 263 100 279 45 279 45 289 0 289 45 0
100 0 116 16 116 263 100 279 45 279 45 289 0 289 45 0
100 0 116 16 116 263 100 279 45 279 45 289 0 289 45 0
100 0 116 16 116 263 100 279 45 279 45 289 0 289 45 0
100 0 116 16 116 263 100 279 45 279 45 289 0 289 45 0
100 0 116 16 116 263 100 279 45 279 45 289 0 289 45 0
100 0 116 16 116 263 100 279 45 279 45 289 0 289 45 0
94 0 116 22 116 184 94 206 0 206 0 0
94 0 116 22 116 184 94 206 0 206 0 0
94 0 116 22 116 184 94 206 0 206 0 0
94 0 116 22 116 184 94 206 0 206 0 0
94 0 116 22 116 184 94 206 0 206 0 0
94 0 116 22 116 184 94 206 0 206 0 0
94 0 116 22 116 184 94 206 0 206 0 0
94 0 116 22 116 184 94 206 0 206 0 0
94 0 116 22 116 184 94 206 0 206 0 0
94 0 116 22 116 184 94 206 0 206 0 0
94 0 116 22 116 184 94 206 0 206 0 0
94 0 116 22 116 184 94 206 0 206 0 0
94 0 116 22 116 184 94 206 0 206 0 0
94 0 116 22 116 184 94 206 0 206 0 0
94 0 116 22 116 184 94 206 0 206 0 0
94 0 116 22 116 184 94 206 0 206 0 0
94 0 116 22 116 184 94 206 0 206 0 0
94 0 116 22 116 184 94 206 0 206 0 0
94 0 116 22 116 184 94 206 0 206 0 0
94 0 116 22 116 184 94 206 0 206 0 0
94 0 116 22 116 184 94 206 0 206 0 0
94 0 116 22 116 184 94 206 0 206 0 0
103 0 113 10 113 154 103 164 0 164 0 128 70 0
103 0 113 10 113 154 103 164 0 164 0 128 70 0
103 0 113 10 113 154 103 164 0 164 0 128 70 0
103 0 113 10 113 154 103 164 0 164 0 128 70 0
103 0 113 10 113 154 103 164 0 164 0 128 70 0
103 0 113 10 113 154 103 164 0 164 0 128 70 0
103 0 113 10 113 154 103 164 0 164 0 128 70 0
103 0 113 10 113 154 103 164 0 164 0 128 70 0
103 0 113 10 113 154 103 164 0 164 0 128 70 0
103 0 113 10 113 154 103 164 0 164 0 128 70 0
103 0 113 10 113 154 103 164 0 164 0 128 70 0
103 0 113 10 113 154 103 164 0 164 0 128 70 0
103 0 113 10 113 154 103 164 0 164 0 128 70 0
103 0 113 10 113 154 103 164 0 164 0 128 70 0
103 0 113 10 113 154 103 164 0 164 0 128 70 0
103 0 113 10 113 154 103 164 0 164 0 128 70 0
103 0 113 10 113 154 103 164 0 164 0 128 70 0
103 0 113 10 113 154 103 164 0 164 0 128 70 0
103 0 113 10 113 154 103 164 0 164 0 128 70 0
103 0 113 10 113 154 103 164 0 164 0 128 70 0
103 0 113 10 113 154 103 164 0 164 0 128 70 0
103 0 113 10 113 154 103 164 0 164 0 128 70 0
103 0 113 10 113 154 103 164 0 164 0 128 70 0
103 0 113 10 113 154 103 164 0 164 0 128 70 0
103 0 113 10 113 154 103 164 0 164 0 128 70 0
103 0 113 10 113 154 103 164 0 164 0 128 70 0
103 0 113 10 113 154 103 164 0 164 0 128 70 0
103 0 113 10 113 154 103 164 0 164 0 128 70 0
103 0 113 10 113 154 103 164 0 164 0 128 70 0
103 0 113 10 113 154 103 164 0 164 0 128 70 0
103 0 113 10 113 154 103 164 0 164 0 128 70 0
103 0 113 10 113 154 103 164 0 164 0 128 70 0
103 0 113 10 113 154 103 164 0 164 0 128 70 0
103 0 113 10 113 154 103 164 0 164 0 128 70 0
103 0 113 10 113 154 103 164 0 164 0 128 70 0
103 0 113 10 113 154 103 164 0 164 0 128 70 0
103 0 113 10 113 154 103 164 0 164 0 128 70 0
103 0 113 10 113 154 103 164 0 164 0 128 70 0
103 0 113 10 113 154 103 164 0 164 0 128 70 0
103 0 113 10 113 154 103 164 0 164 0 128 70 0
103 0 113 10 113 154 103 164 0 164 0 128 70 0
103 0 113 10 113 154 103 164 0 164 0 128 70 0
103 0 113 10 113 154 103 164 0 164 0 128 70 0
103 0 113 10 113 154 103 164 0 164 0 128 70 0
103 0 113 10 113 154 103 164 0 164 0 128 70 0
103 0 113 10 113 154 103 164 0 164 0 128 70 0
103 0 113 10 113 154 103 164 0 164 0 128 70 0
103 0 113 10 113 154 103 164 0 164 0 128 70 0
103 0 113 10 113 154 103 164 0 164 0 128 70 0
103 0 113 10 113 154 103 164 0 164 0 128 70 0
103 0 113 10 113 154 103 164 0 164 0 128 70 0
103 0 113 10 113 154 103 164 0 164 0 128 70 0
103 0 113 10 113 154 103 164 0 164 0 128 70 0
103 0 113 10 113 154 103 164 0 164 0 128 70 0
103 0 113 10 113 154 103 164 0 164 0 128 70 0
103 0 113 10 113 154 103 164 0 164 0 128 70 0
103 0 113 10 113 154 103 164 0 164 0 128 70 0
103 0 113 10 113 154 103 164 0 164 0 128 70 0
103 0 113 10 113 154 103 164 0 164 0 128 70 0
103 0 113 10 113 154 103 164 0 164 0 128 70 0
103 0 113 10 113 154 103 164 0 164 0 128 70 0
103 0 113 10 113 154 103 164 0 164 0 128 70 0
103 0 113 10 113 154 103 164 0 164 0 128 70 0
103 0 113 10 113 154 103 164 0 164 0 128 70 0
103 0 113 10 113 154 103 164 0 164 0 128 70 0
103 0 113 10 113 154 103 164 0 164 0 128 70 0
103 0 113 10 113 154 103 164 0 164 0 128 70 0
103 0 113 10 113 154 103 164 0 164 0 128 70 0
103 0 113 10 113 154 103 164 0 164 0 128 70 0
103 0 113 10 113 154 103 164 0 164 0 128 70 0
103 0 113 10 113 154 103 164 0 164 0 128 70 0
103 0 113 10 113 154 103 164 0 164 0 128 70 0
0 562 80 562 104 538 104 24 80 0 0 0
0 562 80 562 104 538 104 24 80 0 0 0
0 562 80 562 104 538 104 24 80 0 0 0
0 562 80 562 104 538 104 24 80 0 0 0
0 562 80 562 104 538 104 24 80 0 0 0
0 562 80 562 104 538 104 24 80 0 0 0
0 562 80 562 104 538 104 24 80 0 0 0
0 562 80 562 104 538 104 24 80 0 0 0
0 562 80 562 104 538 104 24 80 0 0 0
0 562 80 562 104 538 104 24 80 0 0 0
0 562 80 562 104 538 104 24 80 0 0 0
0 562 80 562 104 538 104 24 80 0 0 0
0 562 80 562 104 538 104 24 80 0 0 0
0 562 80 562 104 538 104 24 80 0 0 0
0 562 80 562 104 538 104 24 80 0 0 0
0 562 80 562 104 538 104 24 80 0 0 0
0 562 80 562 104 538 104 24 80 0 0 0
0 562 80 562 104 538 104 24 80 0 0 0
0 562 80 562 104 538 104 24 80 0 0 0
0 562 80 562 104 538 104 24 80 0 0 0
0 562 80 562 104 538 104 24 80 0 0 0
0 562 80 562 104 538 104 24 80 0 0 0
0 562 80 562 104 538 104 24 80 0 0 0
0 562 80 562 104 538 104 24 80 0 0 0
0 562 80 562 104 538 104 24 80 0 0 0
0 562 80 562 104 538 104 24 80 0 0 0
0 562 80 562 104 538 104 24 80 0 0 0
0 562 80 562 104 538 104 24 80 0 0 0
0 562 80 562 104 538 104 24 80 0 0 0
0 562 80 562 104 538 104 24 80 0 0 0
0 562 80 562 104 538 104 24 80 0 0 0
0 562 80 562 104 538 104 24 80 0 0 0
0 256 0 0 0 256 74 256 103 227 103 23 80 0 0 0
0 256 0 0 0 256 74 256 103 227 103 23 80 0 0 0
0 256 0 0 0 256 74 256 103 227 103 23 80 0 0 0
0 256 0 0 0 256 74 256 103 227 103 23 80 0 0 0
237 0 392 462 319 545 314 545 269 545 224 545 30 545 0 515 0 30 30 0
237 0 392 462 319 545 314 545 269 545 224 545 30 545 0 515 0 30 30 0
237 0 392 462 319 545 314 545 269 545 224 545 30 545 0 515 0 30 30 0
237 0 392 462 319 545 314 545 269 545 224 545 30 545 0 515 0 30 30 0
0 95 74 95 103 66 103 23 80 0 0 0
0 95 74 95 103 66 103 23 80 0 0 0
0 95 74 95 103 66 103 23 80 0 0 0
0 95 74 95 103 66 103 23 80 0 0 0
0 180 74 180 103 151 103 23 80 0 0 0
0 180 74 180 103 151 103 23 80 0 0 0
0 180 74 180 103 151 103 23 80 0 0 0
0 180 74 180 103 151 103 23 80 0 0 0
0 350 74 350 103 321 103 23 80 0 0 0
0 350 74 350 103 321 103 23 80 0 0 0
0 350 74 350 103 321 103 23 80 0 0 0
0 350 74 350 103 321 103 23 80 0 0 0
0 508 80 508 103 485 103 23 80 0 0 0
0 508 80 508 103 485 103 23 80 0 0 0
0 508 80 508 103 485 103 23 80 0 0 0
0 508 80 508 103 485 103 23 80 0 0 0
0 544 80 544 103 521 103 29 74 0 0 0
0 544 80 544 103 521 103 29 74 0 0 0
0 544 80 544 103 521 103 29 74 0 0 0
0 544 80 544 103 521 103 29 74 0 0 0
0 327 80 327 103 304 103 29 74 0 0 0
0 327 80 327 103 304 103 29 74 0 0 0
0 327 80 327 103 304 103 29 74 0 0 0
0 327 80 327 103 304 103 29 74 0 0 0
0 217 80 217 103 194 103 29 74 0 0 0
0 217 80 217 103 194 103 29 74 0 0 0
0 217 80 217 103 194 103 29 74 0 0 0
0 217 80 217 103 194 103 29 74 0 0 0
0 111 80 111 103 88 103 29 74 0 0 0
0 111 80 111 103 88 103 29 74 0 0 0
0 111 80 111 103 88 103 29 74 0 0 0
0 111 80 111 103 88 103 29 74 0 0 0
206 0 206 169 156 169 49 169 0 169 0 0
0 0 97 309 136 335 207 329 242 326 278 323 383 314 363 89 249 5 0 0
0 332 116 332 300 181 360 132 360 0 0 0
0 332 116 332 300 181 360 132 360 0 0 0
0 332 116 332 300 181 360 132 360 0 0 0
0 332 116 332 300 181 360 132 360 0 0 0
0 332 116 332 300 181 360 132 360 0 0 0
0 332 116 332 300 181 360 132 360 0 0 0
0 261 0 435 163 435 184 435 212 435 260 435 280 435 338 358 284 0 0 0
0 261 0 435 163 435 184 435 212 435 260 435 280 435 338 358 284 0 0 0
0 261 0 435 163 435 184 435 212 435 260 435 280 435 338 358 284 0 0 0
0 261 0 435 163 435 184 435 212 435 260 435 280 435 338 358 284 0 0 0
60 0 338 0 338 137 338 429 338 606 174 606 154 606 126 606 78 606 60 606 0 526 0 80 60 0
60 0 338 0 338 137 338 429 338 606 174 606 154 606 126 606 78 606 60 606 0 526 0 80 60 0
60 0 338 0 338 137 338 429 338 606 174 606 154 606 126 606 78 606 60 606 0 526 0 80 60 0
60 0 338 0 338 137 338 429 338 606 174 606 154 606 126 606 78 606 60 606 0 526 0 80 60 0
241 0 337 129 273 544 259 544 229 544 211 544 163 544 30 544 0 514 0 30 30 0
241 0 337 129 273 544 259 544 229 544 211 544 163 544 30 544 0 514 0 30 30 0
241 0 337 129 273 544 259 544 229 544 211 544 163 544 30 544 0 514 0 30 30 0
241 0 337 129 273 544 259 544 229 544 211 544 163 544 30 544 0 514 0 30 30 0
0 135 30 483 0 135 124 48
0 323 77 323 117 323 156 323 332 323 332 179 75 0 0 66
0 301 181 385 332 455 454 511 493 529 533 548 535 548 842 279 842 240 440 240 440 0 0 0
328 0 328 625 0 625 0 0
328 0 328 625 0 625 0 0
328 0 328 625 0 625 0 0
328 0 328 625 0 625 0 0
269 0 305 34 314 344 180 344 140 344 118 344 100 327 0 236 139 4
211 0 307 88 271 401 229 389 189 378 148 366 91 349 56 312 0 34 211 0 0 34
0 4 9 304 125 368 164 390 174 395 203 370 303 284 151 0 0 4
0 298 133 333 0 298 12 43
20 0 300 93 300 113 0 113 0 0
20 0 300 93 300 113 0 113 0 0
20 0 300 93 300 113 0 113 0 0
20 0 300 93 300 113 0 113 0 0
20 0 300 93 300 113 0 113 0 0
20 0 300 93 300 113 0 113 0 0
20 0 300 93 300 113 0 113 0 0
20 0 300 93 300 113 0 113 0 0
20 0 300 93 300 113 0 113 0 0
20 0 300 93 300 113 0 113 0 0
20 0 300 93 300 113 0 113 0 0
20 0 300 93 300 113 0 113 0 0
20 0 300 93 300 113 0 113 0 0
20 0 300 93 300 113 0 113 0 0
20 0 300 93 300 113 0 113 0 0
20 0 300 93 300 113 0 113 0 0
20 0 300 93 300 113 0 113 0 0
20 0 300 93 300 113 0 113 0 0
20 0 300 93 300 113 0 113 0 0
20 0 300 93 300 113 0 113 0 0
20 0 300 93 300 113 0 113 0 0
20 0 300 93 300 113 0 113 0 0
20 0 300 93 300 113 0 113 0 0
20 0 300 93 300 113 0 113 0 0
20 0 300 93 300 113 0 113 0 0
20 0 300 93 300 113 0 113 0 0
20 0 300 93 300 113 0 113 0 0
20 0 300 93 300 113 0 113 0 0
20 0 300 93 300 113 0 113 0 0
20 0 300 93 300 113 0 113 0 0
20 0 300 93 300 113 0 113 0 0
20 0 300 93 300 113 0 113 0 0
20 0 300 93 300 113 0 113 0 0
20 0 300 93 300 113 0 113 0 0
20 0 300 93 300 113 0 113 0 0
20 0 300 93 300 113 0 113 0 0
20 0 300 93 300 113 0 113 0 0
20 0 300 93 300 113 0 113 0 0
20 0 300 93 300 113 0 113 0 0
20 0 300 93 300 113 0 113 0 0
20 0 300 93 300 113 0 113 0 0
20 0 300 93 300 113 0 113 0 0
20 0 300 93 300 113 0 113 0 0
20 0 300 93 300 113 0 113 0 0
20 0 300 93 300 113 0 113 0 0
20 0 300 93 300 113 0 113 0 0
20 0 300 93 300 113 0 113 0 0
20 0 300 93 300 113 0 113 0 0
0 113 20 113 300 20 300 0 0 0
0 113 20 113 300 20 300 0 0 0
0 113 20 113 300 20 300 0 0 0
0 113 20 113 300 20 300 0 0 0
0 113 20 113 300 20 300 0 0 0
0 113 20 113 300 20 300 0 0 0
0 113 20 113 300 20 300 0 0 0
0 113 20 113 300 20 300 0 0 0
0 113 20 113 300 20 300 0 0 0
0 113 20 113 300 20 300 0 0 0
0 113 20 113 300 20 300 0 0 0
0 113 20 113 300 20 300 0 0 0
0 113 20 113 300 20 300 0 0 0
0 113 20 113 300 20 300 0 0 0
0 113 20 113 300 20 300 0 0 0
0 113 20 113 300 20 300 0 0 0
0 113 20 113 300 20 300 0 0 0
0 113 20 113 300 20 300 0 0 0
0 113 20 113 300 20 300 0 0 0
0 113 20 113 300 20 300 0 0 0
0 113 20 113 300 20 300 0 0 0
0 113 20 113 300 20 300 0 0 0
0 113 20 113 300 20 300 0 0 0
0 113 20 113 300 20 300 0 0 0
0 113 20 113 300 20 300 0 0 0
0 113 20 113 300 20 300 0 0 0
0 113 20 113 300 20 300 0 0 0
0 113 20 113 300 20 300 0 0 0
0 113 20 113 300 20 300 0 0 0
0 113 20 113 300 20 300 0 0 0
0 113 20 113 300 20 300 0 0 0
0 113 20 113 300 20 300 0 0 0
0 113 20 113 300 20 300 0 0 0
0 113 20 113 300 20 300 0 0 0
0 113 20 113 300 20 300 0 0 0
0 113 20 113 300 20 300 0 0 0
0 113 20 113 300 20 300 0 0 0
0 113 20 113 300 20 300 0 0 0
0 113 20 113 300 20 300 0 0 0
0 113 20 113 300 20 300 0 0 0
0 113 20 113 300 20 300 0 0 0
0 113 20 113 300 20 300 0 0 0
0 113 20 113 300 20 300 0 0 0
0 113 20 113 300 20 300 0 0 0
0 113 20 113 300 20 300 0 0 0
0 113 20 113 300 20 300 0 0 0
0 113 20 113 300 20 300 0 0 0
0 113 20 113 300 20 300 0 0 0
300 93 300 113 30 113 0 83 0 0 20 0 0 0
300 93 300 113 30 113 0 83 0 0 20 0 0 0
300 93 300 113 30 113 0 83 0 0 20 0 0 0
300 93 300 113 30 113 0 83 0 0 20 0 0 0
300 93 300 113 30 113 0 83 0 0 20 0 0 0
300 93 300 113 30 113 0 83 0 0 20 0 0 0
300 93 300 113 30 113 0 83 0 0 20 0 0 0
300 93 300 113 30 113 0 83 0 0 20 0 0 0
300 93 300 113 30 113 0 82 0 0 20 0 0 0
300 93 300 113 30 113 0 82 0 0 20 0 0 0
300 93 300 113 30 113 0 82 0 0 20 0 0 0
300 93 300 113 30 113 0 82 0 0 20 0 0 0
300 93 300 113 30 113 0 82 0 0 20 0 0 0
300 93 300 113 30 113 0 82 0 0 20 0 0 0
300 93 300 113 30 113 0 82 0 0 20 0 0 0
300 93 300 113 30 113 0 82 0 0 20 0 0 0
300 93 300 113 30 113 0 82 0 0 20 0 0 0
300 93 300 113 30 113 0 82 0 0 20 0 0 0
300 93 300 113 30 113 0 82 0 0 20 0 0 0
300 93 300 113 30 113 0 82 0 0 20 0 0 0
300 93 300 113 30 113 0 82 0 0 20 0 0 0
300 93 300 113 30 113 0 82 0 0 20 0 0 0
300 93 300 113 30 113 0 82 0 0 20 0 0 0
300 93 300 113 30 113 0 82 0 0 20 0 0 0
300 93 300 113 30 113 0 82 0 0 20 0 0 0
300 93 300 113 30 113 0 82 0 0 20 0 0 0
300 93 300 113 30 113 0 82 0 0 20 0 0 0
300 93 300 113 30 113 0 82 0 0 20 0 0 0
300 93 300 113 30 113 0 82 0 0 20 0 0 0
300 93 300 113 30 113 0 82 0 0 20 0 0 0
300 93 300 113 30 113 0 82 0 0 20 0 0 0
300 93 300 113 30 113 0 82 0 0 20 0 0 0
300 0 300 20 20 113 0 113 0 30 30 0
300 0 300 20 20 113 0 113 0 30 30 0
300 0 300 20 20 113 0 113 0 30 30 0
300 0 300 20 20 113 0 113 0 30 30 0
300 0 300 20 20 113 0 113 0 30 30 0
300 0 300 20 20 113 0 113 0 30 30 0
300 0 300 20 20 113 0 113 0 30 30 0
300 0 300 20 20 113 0 113 0 30 30 0
300 0 300 20 20 113 0 113 0 30 30 0
300 0 300 20 20 113 0 113 0 30 30 0
300 0 300 20 20 113 0 113 0 30 30 0
300 0 300 20 20 113 0 113 0 30 30 0
300 0 300 20 20 113 0 113 0 30 30 0
300 0 300 20 20 113 0 113 0 30 30 0
300 0 300 20 20 113 0 113 0 30 30 0
300 0 300 20 20 113 0 113 0 30 30 0
300 0 300 20 20 113 0 113 0 30 30 0
300 0 300 20 20 113 0 113 0 30 30 0
300 0 300 20 20 113 0 113 0 30 30 0
300 0 300 20 20 113 0 113 0 30 30 0
300 0 300 20 20 113 0 113 0 30 30 0
300 0 300 20 20 113 0 113 0 30 30 0
300 0 300 20 20 113 0 113 0 30 30 0
300 0 300 20 20 113 0 113 0 30 30 0
300 0 300 20 20 113 0 113 0 30 30 0
300 0 300 20 20 113 0 113 0 30 30 0
300 0 300 20 20 113 0 113 0 30 30 0
300 0 300 20 20 113 0 113 0 30 30 0
300 0 300 20 20 113 0 113 0 30 30 0
300 0 300 20 20 113 0 113 0 30 30 0
300 0 300 20 20 113 0 113 0 30 30 0
300 0 300 20 20 113 0 113 0 30 30 0
300 0 300 20 20 113 0 113 0 30 30 0
300 0 300 20 20 113 0 113 0 30 30 0
300 0 300 20 20 113 0 113 0 30 30 0
300 0 300 20 20 113 0 113 0 30 30 0
300 0 300 20 20 113 0 113 0 30 30 0
300 0 300 20 20 113 0 113 0 30 30 0
300 0 300 20 20 113 0 113 0 30 30 0
300 0 300 20 20 113 0 113 0 30 30 0
300 0 300 20 20 113 0 113 0 30 30 0
300 0 300 20 20 113 0 113 0 30 30 0
300 0 300 20 20 113 0 113 0 30 30 0
300 0 300 20 20 113 0 113 0 30 30 0
300 0 300 20 20 113 0 113 0 30 30 0
300 0 300 20 20 113 0 113 0 30 30 0
300 0 300 20 20 113 0 113 0 30 30 0
300 0 300 20 20 113 0 113 0 30 30 0
0 308 77 308 117 308 156 308 551 308 591 308 630 308 709 308 709 66 633 0 75 0 0 66
0 113 20 113 300 20 300 0 0 0
0 113 20 113 300 20 300 0 0 0
0 113 20 113 300 20 300 0 0 0
0 113 20 113 300 20 300 0 0 0
0 113 20 113 300 20 300 0 0 0
0 113 20 113 300 20 300 0 0 0
0 113 20 113 300 20 300 0 0 0
0 113 20 113 300 20 300 0 0 0
0 270 29 300 270 300 300 270 300 0 0 0
0 270 29 300 270 300 300 270 300 0 0 0
0 270 29 300 270 300 300 270 300 0 0 0
0 270 29 300 270 300 300 270 300 0 0 0
0 270 29 300 270 300 300 270 300 0 0 0
0 270 29 300 270 300 300 270 300 0 0 0
299 0 299 347 296 347 299 350 235 427 221 427 200 427 174 427 140 427 128 427 80 427 0 427 0 347 0 347 0 0
299 0 299 347 296 347 299 350 235 427 221 427 200 427 174 427 140 427 128 427 80 427 0 427 0 347 0 347 0 0
299 0 299 347 296 347 299 350 235 427 221 427 200 427 174 427 140 427 128 427 80 427 0 427 0 347 0 347 0 0
299 0 299 347 296 347 299 350 235 427 221 427 200 427 174 427 140 427 128 427 80 427 0 427 0 347 0 347 0 0
299 0 299 347 296 347 299 350 235 427 221 427 200 427 174 427 140 427 128 427 80 427 0 427 0 347 0 347 0 0
299 0 299 347 296 347 299 350 235 427 221 427 200 427 174 427 140 427 128 427 80 427 0 427 0 347 0 347 0 0
299 0 299 347 296 347 299 350 235 427 221 427 200 427 174 427 140 427 128 427 80 427 0 427 0 347 0 347 0 0
299 0 299 347 296 347 299 350 235 427 221 427 200 427 174 427 140 427 128 427 80 427 0 427 0 347 0 347 0 0
268 6 296 37 283 307 171 341 136 352 129 354 100 332 0 259 145 0
0 340 199 340 296 340 296 0 0 0
0 272 30 302 120 302 166 302 190 302 213 251 291 77 227 0 0 0
0 272 30 302 120 302 166 302 190 302 213 251 291 77 227 0 0 0
0 272 30 302 120 302 166 302 190 302 213 251 291 77 227 0 0 0
0 272 30 302 120 302 166 302 190 302 213 251 291 77 227 0 0 0
0 272 30 302 120 302 166 302 190 302 213 251 291 77 227 0 0 0
0 272 30 302 120 302 166 302 190 302 213 251 291 77 227 0 0 0
0 272 30 302 120 302 166 302 190 302 213 251 291 77 227 0 0 0
0 272 30 302 120 302 166 302 190 302 213 251 291 77 227 0 0 0
0 0 0 60 0 60 0 60 141 201 176 237 208 269 212 265 288 209 288 0 0 0
0 261 184 261 284 261 284 0 0 0
0 261 184 261 284 261 284 0 0 0
0 261 184 261 284 261 284 0 0 0
0 261 184 261 284 261 284 0 0 0
0 261 184 261 284 261 284 0 0 0
0 261 184 261 284 261 284 0 0 0
0 261 184 261 284 261 284 0 0 0
0 261 184 261 284 261 284 0 0 0
0 261 184 261 284 261 284 0 0 0
0 261 184 261 284 261 284 0 0 0
0 261 184 261 284 261 284 0 0 0
0 261 184 261 284 261 284 0 0 0
0 261 184 261 284 261 284 0 0 0
0 261 184 261 284 261 284 0 0 0
0 261 184 261 284 261 284 0 0 0
0 261 184 261 284 261 284 0 0 0
0 261 184 261 284 261 284 0 0 0
0 261 184 261 284 261 284 0 0 0
0 261 184 261 284 261 284 0 0 0
0 261 184 261 284 261 284 0 0 0
0 261 184 261 284 261 284 0 0 0
0 261 184 261 284 261 284 0 0 0
0 261 184 261 284 261 284 0 0 0
0 261 184 261 284 261 284 0 0 0
0 261 184 261 284 261 284 0 0 0
0 261 184 261 284 261 284 0 0 0
0 261 184 261 284 261 284 0 0 0
0 261 184 261 284 261 284 0 0 0
0 261 184 261 284 261 284 0 0 0
0 261 184 261 284 261 284 0 0 0
0 261 184 261 284 261 284 0 0 0
0 261 184 261 284 261 284 0 0 0
0 261 184 261 284 261 284 0 0 0
0 261 184 261 284 261 284 0 0 0
0 261 184 261 284 261 284 0 0 0
0 261 184 261 284 261 284 0 0 0
0 261 184 261 284 261 284 0 0 0
0 261 184 261 284 261 284 0 0 0
0 261 184 261 284 261 284 0 0 0
0 261 184 261 284 261 284 0 0 0
0 261 184 261 284 261 284 0 0 0
0 261 184 261 284 261 284 0 0 0
0 261 184 261 284 261 284 0 0 0
0 261 184 261 284 261 284 0 0 0
0 261 184 261 284 261 284 0 0 0
0 261 184 261 284 261 284 0 0 0
0 261 184 261 284 261 284 0 0 0
0 261 184 261 284 261 284 0 0 0
0 261 184 261 284 261 284 0 0 0
0 280 193 280 282 280 282 0 0 0
0 166 0 510 94 510 143 510 191 510 211 510 269 433 60 0 0 0
0 258 75 323 77 323 117 323 156 323 551 323 591 323 630 323 633 323 709 258 709 0 0 0
0 606 94 606 143 606 191 606 209 606 269 526 269 80 209 0 0 0
0 240 60 240 80 235 140 220 200 205 260 190 260 50 60 0 0 0
0 240 60 240 80 235 140 220 200 205 260 190 260 50 60 0 0 0
0 240 60 240 80 235 140 220 200 205 260 190 260 50 60 0 0 0
0 240 60 240 80 235 140 220 200 205 260 190 260 50 60 0 0 0
0 240 60 240 80 235 140 220 200 205 260 190 260 50 60 0 0 0
0 240 60 240 80 235 140 220 200 205 260 190 260 50 60 0 0 0
0 240 60 240 80 235 140 220 200 205 260 190 260 50 60 0 0 0
0 240 60 240 80 235 140 220 200 205 260 190 260 50 60 0 0 0
254 77 176 239 128 339 83 432 79 432 0 432 0 0 196 0 0 0
0 606 79 606 128 606 176 606 194 606 254 526 254 80 194 0 0 0
0 300 240 300 240 0 0 0
0 300 240 300 240 0 0 0
0 169 49 169 156 169 206 169 206 0 0 0
0 163 49 163 156 163 206 163 206 0 0 0
0 163 49 163 156 163 206 163 206 0 0 0
0 70 43 70 123 70 166 70 166 0 0 0
0 70 43 70 123 70 166 70 166 0 0 0
0 70 43 70 123 70 166 70 166 0 0 0
0 70 43 70 123 70 166 70 166 0 0 0
0 70 43 70 123 70 166 70 166 0 0 0
0 70 43 70 123 70 166 70 166 0 0 0
0 70 43 70 123 70 166 70 166 0 0 0
0 70 43 70 123 70 166 70 166 0 0 0
0 70 43 70 123 70 166 70 166 0 0 0
0 70 43 70 123 70 166 70 166 0 0 0
0 70 43 70 123 70 166 70 166 0 0 0
0 70 43 70 123 70 166 70 166 0 0 0
0 70 43 70 123 70 166 70 166 0 0 0
0 70 43 70 123 70 166 70 166 0 0 0
0 70 43 70 123 70 166 70 166 0 0 0
0 70 43 70 123 70 166 70 166 0 0 0
0 70 43 70 123 70 166 70 166 0 0 0
0 70 43 70 123 70 166 70 166 0 0 0
0 70 43 70 123 70 166 70 166 0 0 0
0 70 43 70 123 70 166 70 166 0 0 0
0 70 43 70 123 70 166 70 166 0 0 0
0 70 43 70 123 70 166 70 166 0 0 0
0 70 43 70 123 70 166 70 166 0 0 0
0 70 43 70 123 70 166 70 166 0 0 0
0 70 43 70 123 70 166 70 166 0 0 0
0 70 43 70 123 70 166 70 166 0 0 0
0 70 43 70 123 70 166 70 166 0 0 0
0 70 43 70 123 70 166 70 166 0 0 0
0 70 43 70 123 70 166 70 166 0 0 0
0 70 43 70 123 70 166 70 166 0 0 0
0 70 43 70 123 70 166 70 166 0 0 0
0 70 43 70 123 70 166 70 166 0 0 0
0 70 43 70 123 70 166 70 166 0 0 0
0 70 43 70 123 70 166 70 166 0 0 0
0 70 43 70 123 70 166 70 166 0 0 0
0 70 43 70 123 70 166 70 166 0 0 0
0 70 43 70 123 70 166 70 166 0 0 0
0 70 43 70 123 70 166 70 166 0 0 0
0 70 43 70 123 70 166 70 166 0 0 0
0 70 43 70 123 70 166 70 166 0 0 0
0 70 43 70 123 70 166 70 166 0 0 0
0 70 43 70 123 70 166 70 166 0 0 0
0 70 43 70 123 70 166 70 166 0 0 0
0 70 43 70 123 70 166 70 166 0 0 0
0 70 43 70 123 70 166 70 166 0 0 0
0 70 43 70 123 70 166 70 166 0 0 0
0 70 43 70 123 70 166 70 166 0 0 0
0 70 43 70 123 70 166 70 166 0 0 0
0 70 43 70 123 70 166 70 166 0 0 0
0 70 43 70 123 70 166 70 166 0 0 0
0 70 43 70 123 70 166 70 166 0 0 0
0 70 43 70 123 70 166 70 166 0 0 0
0 70 43 70 123 70 166 70 166 0 0 0
0 70 43 70 123 70 166 70 166 0 0 0
0 70 43 70 123 70 166 70 166 0 0 0
0 70 43 70 123 70 166 70 166 0 0 0
0 70 43 70 123 70 166 70 166 0 0 0
0 70 43 70 123 70 166 70 166 0 0 0
0 70 43 70 123 70 166 70 166 0 0 0
0 70 43 70 123 70 166 70 166 0 0 0
0 70 43 70 123 70 166 70 166 0 0 0
0 70 43 70 123 70 166 70 166 0 0 0
0 70 43 70 123 70 166 70 166 0 0 0
0 70 43 70 123 70 166 70 166 0 0 0
0 70 43 70 123 70 166 70 166 0 0 0
0 70 43 70 123 70 166 70 166 0 0 0
0 70 43 70 123 70 166 70 166 0 0 0
0 70 43 70 123 70 166 70 166 0 0 0
0 70 43 70 123 70 166 70 166 0 0 0
0 70 43 70 123 70 166 70 166 0 0 0
0 70 43 70 123 70 166 70 166 0 0 0
0 70 43 70 123 70 166 70 166 0 0 0
0 0 160 0 160 73 0 73 0 0
0 0 160 0 160 73 0 73 0 0
0 0 160 0 160 73 0 73 0 0
0 0 160 0 160 73 0 73 0 0
0 0 160 0 160 73 0 73 0 0
0 0 160 0 160 73 0 73 0 0
0 0 160 0 160 73 0 73 0 0
0 0 160 0 160 73 0 73 0 0
0 0 160 0 160 73 0 73 0 0
0 0 160 0 160 73 0 73 0 0
0 0 160 0 160 73 0 73 0 0
0 0 160 0 160 73 0 73 0 0
0 0 160 0 160 73 0 73 0 0
0 0 160 0 160 73 0 73 0 0
0 0 160 0 160 73 0 73 0 0
0 0 160 0 160 73 0 73 0 0
0 0 160 0 160 73 0 73 0 0
0 0 160 0 160 73 0 73 0 0
0 0 160 0 160 73 0 73 0 0
0 0 160 0 160 73 0 73 0 0
0 0 160 0 160 73 0 73 0 0
0 0 160 0 160 73 0 73 0 0
0 0 160 0 160 73 0 73 0 0
0 0 160 0 160 73 0 73 0 0
0 70 60 70 100 70 150 10 150 0 0 0
0 70 60 70 100 70 150 10 150 0 0 0
0 70 60 70 100 70 150 10 150 0 0 0
0 70 60 70 100 70 150 10 150 0 0 0
0 70 60 70 100 70 150 10 150 0 0 0
0 70 60 70 100 70 150 10 150 0 0 0
0 70 60 70 100 70 150 10 150 0 0 0
0 70 60 70 100 70 150 10 150 0 0 0
0 70 60 70 100 70 150 10 150 0 0 0
0 70 60 70 100 70 150 10 150 0 0 0
0 70 60 70 100 70 150 10 150 0 0 0
0 70 60 70 100 70 150 10 150 0 0 0
0 70 60 70 100 70 150 10 150 0 0 0
0 70 60 70 100 70 150 10 150 0 0 0
0 70 60 70 100 70 150 10 150 0 0 0
0 70 60 70 100 70 150 10 150 0 0 0
0 70 60 70 100 70 150 10 150 0 0 0
0 70 60 70 100 70 150 10 150 0 0 0
0 70 60 70 100 70 150 10 150 0 0 0
0 70 60 70 100 70 150 10 150 0 0 0
0 70 60 70 100 70 150 10 150 0 0 0
0 70 60 70 100 70 150 10 150 0 0 0
0 70 60 70 100 70 150 10 150 0 0 0
0 70 60 70 100 70 150 10 150 0 0 0
0 70 60 70 100 70 150 10 150 0 0 0
0 70 60 70 100 70 150 10 150 0 0 0
0 70 60 70 100 70 150 10 150 0 0 0
0 70 60 70 100 70 150 10 150 0 0 0
0 70 60 70 100 70 150 10 150 0 0 0
0 70 60 70 100 70 150 10 150 0 0 0
0 70 60 70 100 70 150 10 150 0 0 0
0 70 60 70 100 70 150 10 150 0 0 0
0 70 60 70 100 70 150 10 150 0 0 0
0 70 60 70 100 70 150 10 150 0 0 0
0 70 60 70 100 70 150 10 150 0 0 0
0 70 60 70 100 70 150 10 150 0 0 0
0 70 60 70 100 70 150 10 150 0 0 0
0 70 60 70 100 70 150 10 150 0 0 0
0 70 60 70 100 70 150 10 150 0 0 0
0 70 60 70 100 70 150 10 150 0 0 0
0 70 60 70 100 70 150 10 150 0 0 0
0 70 60 70 100 70 150 10 150 0 0 0
0 70 60 70 100 70 150 10 150 0 0 0
0 70 60 70 100 70 150 10 150 0 0 0
0 70 60 70 100 70 150 10 150 0 0 0
0 70 60 70 100 70 150 10 150 0 0 0
0 70 60 70 100 70 150 10 150 0 0 0
0 70 60 70 100 70 150 10 150 0 0 0
0 70 60 70 100 70 150 10 150 0 0 0
0 70 60 70 100 70 150 10 150 0 0 0
0 70 60 70 100 70 150 10 150 0 0 0
0 70 60 70 100 70 150 10 150 0 0 0
0 70 60 70 100 70 150 10 150 0 0 0
0 70 60 70 100 70 150 10 150 0 0 0
0 70 60 70 100 70 150 10 150 0 0 0
0 70 60 70 100 70 150 10 150 0 0 0
0 70 60 70 100 70 150 10 150 0 0 0
0 70 60 70 100 70 150 10 150 0 0 0
0 70 60 70 100 70 150 10 150 0 0 0
0 70 60 70 100 70 150 10 150 0 0 0
0 70 60 70 100 70 150 10 150 0 0 0
0 70 60 70 100 70 150 10 150 0 0 0
0 70 60 70 100 70 150 10 150 0 0 0
0 70 60 70 100 70 150 10 150 0 0 0
0 70 60 70 100 70 150 10 150 0 0 0
0 70 60 70 100 70 150 10 150 0 0 0
0 70 60 70 100 70 150 10 150 0 0 0
0 70 60 70 100 70 150 10 150 0 0 0
0 70 60 70 100 70 150 10 150 0 0 0
0 70 60 70 100 70 150 10 150 0 0 0
0 70 60 70 100 70 150 10 150 0 0 0
0 70 60 70 100 70 150 10 150 0 0 0
0 70 60 70 100 70 150 10 150 0 0 0
0 70 60 70 100 70 150 10 150 0 0 0
0 70 60 70 100 70 150 10 150 0 0 0
0 70 60 70 100 70 150 10 150 0 0 0
0 70 60 70 100 70 150 10 150 0 0 0
0 70 60 70 100 70 150 10 150 0 0 0
0 70 60 70 100 70 150 10 150 0 0 0
0 70 60 70 100 70 150 10 150 0 0 0
0 70 60 70 100 70 150 10 150 0 0 0
0 70 60 70 100 70 150 10 150 0 0 0
0 70 60 70 100 70 150 10 150 0 0 0
0 70 60 70 100 70 150 10 150 0 0 0
0 70 60 70 100 70 150 10 150 0 0 0
0 70 60 70 100 70 150 10 150 0 0 0
0 70 60 70 100 70 150 10 150 0 0 0
0 70 60 70 100 70 150 10 150 0 0 0
0 70 60 70 100 70 150 10 150 0 0 0
0 70 60 70 100 70 150 10 150 0 0 0
0 70 60 70 100 70 150 10 150 0 0 0
0 70 60 70 100 70 150 10 150 0 0 0
0 70 60 70 100 70 150 10 150 0 0 0
0 70 60 70 100 70 150 10 150 0 0 0
0 70 60 70 100 70 150 10 150 0 0 0
0 70 60 70 100 70 150 10 150 0 0 0
0 70 60 70 100 70 150 10 150 0 0 0
0 70 60 70 100 70 150 10 150 0 0 0
0 70 60 70 100 70 150 10 150 0 0 0
0 70 60 70 100 70 150 10 150 0 0 0
0 70 60 70 100 70 150 10 150 0 0 0
0 70 60 70 100 70 150 10 150 0 0 0
0 70 60 70 100 70 150 10 150 0 0 0
0 70 60 70 100 70 150 10 150 0 0 0
0 70 60 70 100 70 150 10 150 0 0 0
0 70 60 70 100 70 150 10 150 0 0 0
0 70 60 70 100 70 150 10 150 0 0 0
0 70 60 70 100 70 150 10 150 0 0 0
0 70 60 70 100 70 150 10 150 0 0 0
0 70 60 70 100 70 150 10 150 0 0 0
0 70 60 70 100 70 150 10 150 0 0 0
0 70 60 70 100 70 150 10 150 0 0 0
0 70 60 70 100 70 150 10 150 0 0 0
0 70 60 70 100 70 150 10 150 0 0 0
0 70 60 70 100 70 150 10 150 0 0 0
0 70 60 70 100 70 150 10 150 0 0 0
0 70 60 70 100 70 150 10 150 0 0 0
0 70 60 70 100 70 150 10 150 0 0 0
0 70 60 70 100 70 150 10 150 0 0 0
0 70 60 70 100 70 150 10 150 0 0 0
0 70 60 70 100 70 150 10 150 0 0 0
0 70 60 70 100 70 150 10 150 0 0 0
0 70 60 70 100 70 150 10 150 0 0 0
0 70 60 70 100 70 150 10 150 0 0 0
0 70 60 70 100 70 150 10 150 0 0 0
0 70 60 70 100 70 150 10 150 0 0 0
0 70 60 70 100 70 150 10 150 0 0 0
0 70 60 70 100 70 150 10 150 0 0 0
0 70 60 70 100 70 150 10 150 0 0 0
0 70 60 70 100 70 150 10 150 0 0 0
0 70 60 70 100 70 150 10 150 0 0 0
0 70 60 70 100 70 150 10 150 0 0 0
0 70 60 70 100 70 150 10 150 0 0 0
0 70 60 70 100 70 150 10 150 0 0 0
0 70 60 70 100 70 150 10 150 0 0 0
0 70 60 70 100 70 150 10 150 0 0 0
0 70 60 70 100 70 150 10 150 0 0 0
0 70 60 70 100 70 150 10 150 0 0 0
0 70 60 70 100 70 150 10 150 0 0 0
0 70 60 70 100 70 150 10 150 0 0 0
0 70 60 70 100 70 150 10 150 0 0 0
0 70 60 70 100 70 150 10 150 0 0 0
0 70 60 70 100 70 150 10 150 0 0 0
0 70 60 70 100 70 150 10 150 0 0 0
0 70 60 70 100 70 150 10 150 0 0 0
0 70 60 70 100 70 150 10 150 0 0 0
0 70 60 70 100 70 150 10 150 0 0 0
0 70 60 70 100 70 150 10 150 0 0 0
0 70 60 70 100 70 150 10 150 0 0 0
0 70 60 70 100 70 150 10 150 0 0 0
0 70 60 70 100 70 150 10 150 0 0 0
0 70 60 70 100 70 150 10 150 0 0 0
0 70 60 70 100 70 150 10 150 0 0 0
0 70 60 70 100 70 150 10 150 0 0 0
0 70 60 70 100 70 150 10 150 0 0 0
0 70 60 70 100 70 150 10 150 0 0 0
0 70 60 70 100 70 150 10 150 0 0 0
0 70 60 70 100 70 150 10 150 0 0 0
0 70 60 70 100 70 150 10 150 0 0 0
0 70 60 70 100 70 150 10 150 0 0 0
0 70 60 70 100 70 150 10 150 0 0 0
0 70 60 70 100 70 150 10 150 0 0 0
0 70 60 70 100 70 150 10 150 0 0 0
0 70 60 70 100 70 150 10 150 0 0 0
0 70 60 70 100 70 150 10 150 0 0 0
0 70 60 70 100 70 150 10 150 0 0 0
0 70 60 70 100 70 150 10 150 0 0 0
0 70 60 70 100 70 150 10 150 0 0 0
0 70 60 70 100 70 150 10 150 0 0 0
0 70 60 70 100 70 150 10 150 0 0 0
0 70 60 70 100 70 150 10 150 0 0 0
0 70 60 70 100 70 150 10 150 0 0 0
0 70 60 70 100 70 150 10 150 0 0 0
0 70 60 70 100 70 150 10 150 0 0 0
0 70 60 70 100 70 150 10 150 0 0 0
0 70 60 70 100 70 150 10 150 0 0 0
0 70 60 70 100 70 150 10 150 0 0 0
0 70 60 70 100 70 150 10 150 0 0 0
0 70 60 70 100 70 150 10 150 0 0 0
0 70 60 70 100 70 150 10 150 0 0 0
0 70 60 70 100 70 150 10 150 0 0 0
0 70 60 70 100 70 150 10 150 0 0 0
0 70 60 70 100 70 150 10 150 0 0 0
0 70 60 70 100 70 150 10 150 0 0 0
0 70 60 70 100 70 150 10 150 0 0 0
0 70 60 70 100 70 150 10 150 0 0 0
0 70 60 70 100 70 150 10 150 0 0 0
0 70 60 70 100 70 150 10 150 0 0 0
0 70 60 70 100 70 150 10 150 0 0 0
0 70 60 70 100 70 150 10 150 0 0 0
0 70 60 70 100 70 150 10 150 0 0 0
0 70 60 70 100 70 150 10 150 0 0 0
0 70 60 70 100 70 150 10 150 0 0 0
0 70 60 70 100 70 150 10 150 0 0 0
0 70 60 70 100 70 150 10 150 0 0 0
0 70 60 70 100 70 150 10 150 0 0 0
0 70 60 70 100 70 150 10 150 0 0 0
0 70 60 70 100 70 150 10 150 0 0 0
0 70 60 70 100 70 150 10 150 0 0 0
0 70 60 70 100 70 150 10 150 0 0 0
0 70 60 70 100 70 150 10 150 0 0 0
0 70 60 70 100 70 150 10 150 0 0 0
0 70 60 70 100 70 150 10 150 0 0 0
0 70 60 70 100 70 150 10 150 0 0 0
0 70 60 70 100 70 150 10 150 0 0 0
0 70 60 70 100 70 150 10 150 0 0 0
0 70 60 70 100 70 150 10 150 0 0 0
0 70 60 70 100 70 150 10 150 0 0 0
0 70 60 70 100 70 150 10 150 0 0 0
0 70 60 70 100 70 150 10 150 0 0 0
0 70 60 70 100 70 150 10 150 0 0 0
0 70 60 70 100 70 150 10 150 0 0 0
0 70 60 70 100 70 150 10 150 0 0 0
0 70 60 70 100 70 150 10 150 0 0 0
0 70 60 70 100 70 150 10 150 0 0 0
0 70 60 70 100 70 150 10 150 0 0 0
0 70 60 70 100 70 150 10 150 0 0 0
0 70 60 70 100 70 150 10 150 0 0 0
0 70 60 70 100 70 150 10 150 0 0 0
0 70 60 70 100 70 150 10 150 0 0 0
0 70 60 70 100 70 150 10 150 0 0 0
0 70 60 70 100 70 150 10 150 0 0 0
0 70 60 70 100 70 150 10 150 0 0 0
0 70 60 70 100 70 150 10 150 0 0 0
0 70 60 70 100 70 150 10 150 0 0 0
0 70 60 70 100 70 150 10 150 0 0 0
0 70 60 70 100 70 150 10 150 0 0 0
0 70 60 70 100 70 150 10 150 0 0 0
0 70 60 70 100 70 150 10 150 0 0 0
0 70 60 70 100 70 150 10 150 0 0 0
0 70 60 70 100 70 150 10 150 0 0 0
0 70 60 70 100 70 150 10 150 0 0 0
0 70 60 70 100 70 150 10 150 0 0 0
0 70 60 70 100 70 150 10 150 0 0 0
0 70 60 70 100 70 150 10 150 0 0 0
0 70 60 70 100 70 150 10 150 0 0 0
0 70 60 70 100 70 150 10 150 0 0 0
0 70 60 70 100 70 150 10 150 0 0 0
0 70 60 70 100 70 150 10 150 0 0 0
0 70 60 70 100 70 150 10 150 0 0 0
0 70 60 70 100 70 150 10 150 0 0 0
0 70 60 70 100 70 150 10 150 0 0 0
0 70 60 70 100 70 150 10 150 0 0 0
0 70 60 70 100 70 150 10 150 0 0 0
0 70 60 70 100 70 150 10 150 0 0 0
0 70 60 70 100 70 150 10 150 0 0 0
0 70 60 70 100 70 150 10 150 0 0 0
0 70 60 70 100 70 150 10 150 0 0 0
0 70 60 70 100 70 150 10 150 0 0 0
0 70 60 70 100 70 150 10 150 0 0 0
0 70 60 70 100 70 150 10 150 0 0 0
0 70 60 70 100 70 150 10 150 0 0 0
0 70 60 70 100 70 150 10 150 0 0 0
0 70 60 70 100 70 150 10 150 0 0 0
0 70 60 70 100 70 150 10 150 0 0 0
0 70 60 70 100 70 150 10 150 0 0 0
0 70 60 70 100 70 150 10 150 0 0 0
0 70 60 70 100 70 150 10 150 0 0 0
0 70 60 70 100 70 150 10 150 0 0 0
0 70 60 70 100 70 150 10 150 0 0 0
0 70 60 70 100 70 150 10 150 0 0 0
0 70 60 70 100 70 150 10 150 0 0 0
0 70 60 70 100 70 150 10 150 0 0 0
0 70 60 70 100 70 150 10 150 0 0 0
0 70 60 70 100 70 150 10 150 0 0 0
0 70 60 70 100 70 150 10 150 0 0 0
0 70 60 70 100 70 150 10 150 0 0 0
0 70 60 70 100 70 150 10 150 0 0 0
0 70 60 70 100 70 150 10 150 0 0 0
0 70 60 70 100 70 150 10 150 0 0 0
0 70 60 70 100 70 150 10 150 0 0 0
0 70 60 70 100 70 150 10 150 0 0 0
0 70 60 70 100 70 150 10 150 0 0 0
0 70 60 70 100 70 150 10 150 0 0 0
0 70 60 70 100 70 150 10 150 0 0 0
0 70 60 70 100 70 150 10 150 0 0 0
0 70 60 70 100 70 150 10 150 0 0 0
0 70 60 70 100 70 150 10 150 0 0 0
0 70 60 70 100 70 150 10 150 0 0 0
0 70 60 70 100 70 150 10 150 0 0 0
0 70 60 70 100 70 150 10 150 0 0 0
0 70 60 70 100 70 150 10 150 0 0 0
0 70 60 70 100 70 150 10 150 0 0 0
0 70 60 70 100 70 150 10 150 0 0 0
0 70 60 70 100 70 150 10 150 0 0 0
0 70 60 70 100 70 150 10 150 0 0 0
0 70 60 70 100 70 150 10 150 0 0 0
0 70 60 70 100 70 150 10 150 0 0 0
0 327 75 393 77 393 117 393 156 393 279 393 430 393 551 393 591 393 630 393 633 393 709 327 709 0 0 0
0 327 75 393 77 393 117 393 156 393 279 393 430 393 551 393 591 393 630 393 633 393 709 327 709 0 0 0
0 327 75 393 77 393 117 393 156 393 279 393 430 393 551 393 591 393 630 393 633 393 709 327 709 0 0 0
0 327 75 393 77 393 117 393 156 393 279 393 430 393 551 393 591 393 630 393 633 393 709 327 709 0 0 0
0 150 28 150 150 50 150 0 0 0
0 150 28 150 150 50 150 0 0 0
0 150 28 150 150 50 150 0 0 0
0 150 28 150 150 50 150 0 0 0
0 150 28 150 150 50 150 0 0 0
0 150 28 150 150 50 150 0 0 0
0 150 28 150 150 50 150 0 0 0
0 150 28 150 150 50 150 0 0 0
0 150 28 150 150 50 150 0 0 0
0 150 28 150 150 50 150 0 0 0
0 150 28 150 150 50 150 0 0 0
0 150 28 150 150 50 150 0 0 0
0 150 28 150 150 50 150 0 0 0
0 150 28 150 150 50 150 0 0 0
0 150 28 150 150 50 150 0 0 0
0 150 28 150 150 50 150 0 0 0
0 150 28 150 150 50 150 0 0 0
0 150 28 150 150 50 150 0 0 0
0 150 28 150 150 50 150 0 0 0
0 150 28 150 150 50 150 0 0 0
0 150 28 150 150 50 150 0 0 0
0 150 28 150 150 50 150 0 0 0
0 150 28 150 150 50 150 0 0 0
0 150 28 150 150 50 150 0 0 0
0 150 28 150 150 50 150 0 0 0
0 150 28 150 150 50 150 0 0 0
150 0 150 42 28 142 0 142 0 0
150 0 150 42 28 142 0 142 0 0
150 0 150 42 28 142 0 142 0 0
150 0 150 42 28 142 0 142 0 0
150 0 150 42 28 142 0 142 0 0
150 0 150 42 28 142 0 142 0 0
150 0 150 42 28 142 0 142 0 0
150 0 150 42 28 142 0 142 0 0
150 0 150 42 28 142 0 142 0 0
150 0 150 42 28 142 0 142 0 0
150 0 150 42 28 142 0 142 0 0
0 140 140 140 140 0 0 0
0 140 140 140 140 0 0 0
0 60 140 60 140 0 0 0
0 60 140 60 140 0 0 0
0 60 140 60 140 0 0 0
0 60 140 60 140 0 0 0
0 60 140 60 140 0 0 0
0 60 140 60 140 0 0 0
0 60 140 60 140 0 0 0
0 60 140 60 140 0 0 0
0 70 40 70 85 70 90 90 115 90 135 70 135 20 115 0 0 0
0 70 40 70 85 70 90 90 115 90 135 70 135 20 115 0 0 0
0 70 40 70 85 70 90 90 115 90 135 70 135 20 115 0 0 0
0 70 40 70 85 70 90 90 115 90 135 70 135 20 115 0 0 0
0 70 40 70 85 70 90 90 115 90 135 70 135 20 115 0 0 0
0 70 40 70 85 70 90 90 115 90 135 70 135 20 115 0 0 0
0 70 40 70 85 70 90 90 115 90 135 70 135 20 115 0 0 0
0 70 40 70 85 70 90 90 115 90 135 70 135 20 115 0 0 0
0 70 40 70 85 70 90 90 115 90 135 70 135 20 115 0 0 0
0 70 40 70 85 70 90 90 115 90 135 70 135 20 115 0 0 0
0 70 40 70 85 70 90 90 115 90 135 70 135 20 115 0 0 0
0 70 40 70 85 70 90 90 115 90 135 70 135 20 115 0 0 0
0 70 40 70 85 70 90 90 115 90 135 70 135 20 115 0 0 0
0 70 40 70 85 70 90 90 115 90 135 70 135 20 115 0 0 0
0 70 40 70 85 70 90 90 115 90 135 70 135 20 115 0 0 0
0 70 40 70 85 70 90 90 115 90 135 70 135 20 115 0 0 0
0 70 40 70 85 70 90 90 115 90 135 70 135 20 115 0 0 0
0 70 40 70 85 70 90 90 115 90 135 70 135 20 115 0 0 0
0 100 50 100 100 100 100 0 0 0
0 100 50 100 100 100 100 0 0 0
0 100 50 100 100 100 100 0 0 0
0 100 50 100 100 100 100 0 0 0
0 100 50 100 100 100 100 0 0 0
0 100 50 100 100 100 100 0 0 0
0 100 50 100 100 100 100 0 0 0
0 100 50 100 100 100 100 0 0 0
0 100 50 100 100 100 100 0 0 0
0 100 50 100 100 100 100 0 0 0
0 100 50 100 100 100 100 0 0 0
0 100 50 100 100 100 100 0 0 0
0 100 50 100 100 100 100 0 0 0
0 100 50 100 100 100 100 0 0 0
0 100 50 100 100 100 100 0 0 0
0 100 50 100 100 100 100 0 0 0
0 100 50 100 100 100 100 0 0 0
0 100 50 100 100 100 100 0 0 0
0 100 50 100 100 100 100 0 0 0
0 100 50 100 100 100 100 0 0 0
0 100 50 100 100 100 100 0 0 0
0 100 50 100 100 100 100 0 0 0
0 100 50 100 100 100 100 0 0 0
0 100 50 100 100 100 100 0 0 0
0 100 50 100 100 100 100 0 0 0
0 100 50 100 100 100 100 0 0 0
0 100 50 100 100 100 100 0 0 0
0 100 50 100 100 100 100 0 0 0
0 387 50 387 100 387 100 0 0 0
0 387 50 387 100 387 100 0 0 0
0 387 50 387 100 387 100 0 0 0
0 387 50 387 100 387 100 0 0 0
0 387 50 387 100 387 100 0 0 0
0 387 50 387 100 387 100 0 0 0
0 387 50 387 100 387 100 0 0 0
0 387 50 387 100 387 100 0 0 0
0 387 50 387 100 387 100 0 0 0
0 387 50 387 100 387 100 0 0 0
0 387 50 387 100 387 100 0 0 0
0 387 50 387 100 387 100 0 0 0
0 387 50 387 100 387 100 0 0 0
0 387 50 387 100 387 100 0 0 0
0 436 100 436 100 0 0 0
0 436 100 436 100 0 0 0
0 436 100 436 100 0 0 0
0 436 100 436 100 0 0 0
0 436 100 436 100 0 0 0
0 436 100 436 100 0 0 0
0 436 100 436 100 0 0 0
0 436 100 436 100 0 0 0
0 436 100 436 100 0 0 0
0 436 100 436 100 0 0 0
0 436 100 436 100 0 0 0
0 436 100 436 100 0 0 0
0 436 100 436 100 0 0 0
0 436 100 436 100 0 0 0
0 436 100 436 100 0 0 0
0 436 100 436 100 0 0 0
0 436 100 436 100 0 0 0
0 436 100 436 100 0 0 0
0 436 100 436 100 0 0 0
0 436 100 436 100 0 0 0
0 436 100 436 100 0 0 0
0 436 100 436 100 0 0 0
0 436 100 436 100 0 0 0
0 436 100 436 100 0 0 0
0 436 100 436 100 0 0 0
0 436 100 436 100 0 0 0
0 436 100 436 100 0 0 0
0 436 100 436 100 0 0 0
0 436 100 436 100 0 0 0
0 436 100 436 100 0 0 0
0 436 100 436 100 0 0 0
0 436 100 436 100 0 0 0
0 436 100 436 100 0 0 0
0 436 100 436 100 0 0 0
0 436 100 436 100 0 0 0
0 436 100 436 100 0 0 0
0 436 100 436 100 0 0 0
0 436 100 436 100 0 0 0
0 436 100 436 100 0 0 0
0 436 100 436 100 0 0 0
0 436 100 436 100 0 0 0
0 436 100 436 100 0 0 0
0 436 100 436 100 0 0 0
0 436 100 436 100 0 0 0
0 436 100 436 100 0 0 0
0 436 100 436 100 0 0 0
0 436 100 436 100 0 0 0
0 436 100 436 100 0 0 0
0 436 100 436 100 0 0 0
0 436 100 436 100 0 0 0
0 436 100 436 100 0 0 0
0 436 100 436 100 0 0 0
100 0 100 466 0 466 0 0
100 0 100 466 0 466 0 0
100 0 100 466 0 466 0 0
100 0 100 466 0 466 0 0
100 0 100 466 0 466 0 0
100 0 100 466 0 466 0 0
100 0 100 466 0 466 0 0
100 0 100 466 0 466 0 0
100 0 100 466 0 466 0 0
100 0 100 466 0 466 0 0
100 0 100 466 0 466 0 0
100 0 100 466 0 466 0 0
100 0 100 466 0 466 0 0
100 0 100 466 0 466 0 0
100 0 100 466 0 466 0 0
100 0 100 466 0 466 0 0
100 0 100 466 0 466 0 0
100 0 100 466 0 466 0 0
100 0 100 466 0 466 0 0
100 0 100 466 0 466 0 0
100 0 100 466 0 466 0 0
100 0 100 466 0 466 0 0
100 0 100 466 0 466 0 0
100 0 100 466 0 466 0 0
100 0 100 466 0 466 0 0
100 0 100 466 0 466 0 0
100 0 100 466 0 466 0 0
100 0 100 466 0 466 0 0
100 0 100 466 0 466 0 0
100 0 100 466 0 466 0 0
100 0 100 466 0 466 0 0
100 0 100 466 0 466 0 0
100 0 100 466 0 466 0 0
100 0 100 466 0 466 0 0
100 0 100 466 0 466 0 0
100 0 100 466 0 466 0 0
100 0 100 466 0 466 0 0
100 0 100 466 0 466 0 0
100 0 100 466 0 466 0 0
100 0 100 466 0 466 0 0
100 0 100 466 0 466 0 0
100 0 100 466 0 466 0 0
100 0 100 466 0 466 0 0
100 0 100 466 0 466 0 0
100 0 100 466 0 466 0 0
100 0 100 466 0 466 0 0
100 0 100 466 0 466 0 0
100 0 100 466 0 466 0 0
100 0 100 466 0 466 0 0
100 0 100 466 0 466 0 0
100 0 100 466 0 466 0 0
100 0 100 466 0 466 0 0
100 0 100 466 0 466 0 0
100 0 100 466 0 466 0 0
100 0 100 466 0 466 0 0
100 0 100 466 0 466 0 0
100 0 100 466 0 466 0 0
100 0 100 466 0 466 0 0
100 0 100 466 0 466 0 0
100 0 100 466 0 466 0 0
100 0 100 466 0 466 0 0
100 0 100 466 0 466 0 0
100 0 100 466 0 466 0 0
100 0 100 466 0 466 0 0
100 0 100 466 0 466 0 0
100 0 100 466 0 466 0 0
100 0 100 466 0 466 0 0
100 0 100 466 0 466 0 0
100 0 100 466 0 466 0 0
100 0 100 466 0 466 0 0
100 0 100 466 0 466 0 0
100 0 100 466 0 466 0 0
100 0 100 466 0 466 0 0
100 0 100 466 0 466 0 0
100 0 100 466 0 466 0 0
100 0 100 466 0 466 0 0
100 0 100 466 0 466 0 0
100 0 100 466 0 466 0 0
100 0 100 466 0 466 0 0
100 0 100 466 0 466 0 0
100 0 100 466 0 466 0 0
100 0 100 466 0 466 0 0
100 0 100 466 0 466 0 0
100 0 100 466 0 466 0 0
100 0 100 466 0 466 0 0
100 0 100 466 0 466 0 0
100 0 100 466 0 466 0 0
100 0 100 466 0 466 0 0
100 0 100 466 0 466 0 0
100 0 100 466 0 466 0 0
100 0 100 466 0 466 0 0
100 0 100 466 0 466 0 0
100 0 100 466 0 466 0 0
100 0 100 466 0 466 0 0
100 0 100 466 0 466 0 0
100 0 100 466 0 466 0 0
100 0 100 466 0 466 0 0
100 0 100 466 0 466 0 0
100 0 100 466 0 466 0 0
100 0 100 466 0 466 0 0
100 0 100 466 0 466 0 0
100 0 100 466 0 466 0 0
100 0 100 466 0 466 0 0
100 0 100 466 0 466 0 0
100 0 100 466 0 466 0 0
100 0 100 466 0 466 0 0
100 0 100 466 0 466 0 0
100 0 100 466 0 466 0 0
100 0 100 466 0 466 0 0
100 0 100 466 0 466 0 0
100 0 100 466 0 466 0 0
100 0 100 466 0 466 0 0
100 0 100 466 0 466 0 0
100 0 100 466 0 466 0 0
100 0 100 466 0 466 0 0
100 0 100 466 0 466 0 0
100 0 100 72 0 72 0 0
100 0 100 72 0 72 0 0
100 0 100 72 0 72 0 0
100 0 100 72 0 72 0 0
100 0 100 72 0 72 0 0
100 0 100 72 0 72 0 0
100 0 100 72 0 72 0 0
100 0 100 72 0 72 0 0
626 0 686 80 686 465 626 545 608 545 560 545 512 545 174 545 126 545 78 545 60 545 0 465 0 80 60 0
626 0 686 80 686 465 626 545 608 545 560 545 512 545 174 545 126 545 78 545 60 545 0 465 0 80 60 0
626 0 686 80 686 465 626 545 608 545 560 545 512 545 174 545 126 545 78 545 60 545 0 465 0 80 60 0
626 0 686 80 686 465 626 545 608 545 560 545 512 545 174 545 126 545 78 545 60 545 0 465 0 80 60 0
626 0 686 80 686 465 626 545 608 545 560 545 512 545 174 545 126 545 78 545 60 545 0 465 0 80 60 0
626 0 686 80 686 465 626 545 608 545 560 545 512 545 174 545 126 545 78 545 60 545 0 465 0 80 60 0
0 31 15 46 77 46 92 31 92 0 0 0
0 31 15 46 77 46 92 31 92 0 0 0
0 31 15 46 77 46 92 31 92 0 0 0
0 31 15 46 77 46 92 31 92 0 0 0
0 31 15 46 77 46 92 31 92 0 0 0
0 31 15 46 77 46 92 31 92 0 0 0
0 31 15 46 77 46 92 31 92 0 0 0
0 31 15 46 77 46 92 31 92 0 0 0
0 31 15 46 77 46 92 31 92 0 0 0
0 31 15 46 77 46 92 31 92 0 0 0
0 31 15 46 77 46 92 31 92 0 0 0
0 31 15 46 77 46 92 31 92 0 0 0
0 31 15 46 77 46 92 31 92 0 0 0
0 31 15 46 77 46 92 31 92 0 0 0
0 31 15 46 77 46 92 31 92 0 0 0
0 31 15 46 77 46 92 31 92 0 0 0
0 31 15 46 77 46 92 31 92 0 0 0
0 31 15 46 77 46 92 31 92 0 0 0
0 31 15 46 77 46 92 31 92 0 0 0
0 31 15 46 77 46 92 31 92 0 0 0
0 31 15 46 77 46 92 31 92 0 0 0
0 31 15 46 77 46 92 31 92 0 0 0
0 31 15 46 77 46 92 31 92 0 0 0
0 31 15 46 77 46 92 31 92 0 0 0
0 31 15 46 77 46 92 31 92 0 0 0
0 31 15 46 77 46 92 31 92 0 0 0
0 31 15 46 77 46 92 31 92 0 0 0
0 31 15 46 77 46 92 31 92 0 0 0
0 31 15 46 77 46 92 31 92 0 0 0
0 31 15 46 77 46 92 31 92 0 0 0
0 31 15 46 77 46 92 31 92 0 0 0
0 31 15 46 77 46 92 31 92 0 0 0
0 31 15 46 77 46 92 31 92 0 0 0
0 31 15 46 77 46 92 31 92 0 0 0
0 31 15 46 77 46 92 31 92 0 0 0
0 31 15 46 77 46 92 31 92 0 0 0
0 31 15 46 77 46 92 31 92 0 0 0
0 31 15 46 77 46 92 31 92 0 0 0
0 31 15 46 77 46 92 31 92 0 0 0
0 31 15 46 77 46 92 31 92 0 0 0
0 31 15 46 77 46 92 31 92 0 0 0
0 31 15 46 77 46 92 31 92 0 0 0
0 31 15 46 77 46 92 31 92 0 0 0
0 31 15 46 77 46 92 31 92 0 0 0
0 31 15 46 77 46 92 31 92 0 0 0
0 31 15 46 77 46 92 31 92 0 0 0
0 31 15 46 77 46 92 31 92 0 0 0
0 31 15 46 77 46 92 31 92 0 0 0
0 31 15 46 77 46 92 31 92 0 0 0
0 31 15 46 77 46 92 31 92 0 0 0
0 31 15 46 77 46 92 31 92 0 0 0
0 31 15 46 77 46 92 31 92 0 0 0
72 0 72 45 0 45 0 0
72 0 72 45 0 45 0 0
72 0 72 45 0 45 0 0
72 0 72 45 0 45 0 0
72 0 72 45 0 45 0 0
72 0 72 45 0 45 0 0
72 0 72 45 0 45 0 0
72 0 72 45 0 45 0 0
72 0 72 45 0 45 0 0
72 0 72 45 0 45 0 0
72 0 72 45 0 45 0 0
72 0 72 45 0 45 0 0
72 0 72 45 0 45 0 0
72 0 72 45 0 45 0 0
72 0 72 45 0 45 0 0
72 0 72 45 0 45 0 0
72 0 72 45 0 45 0 0
72 0 72 45 0 45 0 0
72 0 72 45 0 45 0 0
72 0 72 45 0 45 0 0
72 0 72 45 0 45 0 0
72 0 72 45 0 45 0 0
72 0 72 45 0 45 0 0
72 0 72 45 0 45 0 0
0 46 72 46 72 0 0 0
0 46 72 46 72 0 0 0
0 46 72 46 72 0 0 0
0 46 72 46 72 0 0 0
0 46 72 46 72 0 0 0
0 46 72 46 72 0 0 0
0 46 72 46 72 0 0 0
0 46 72 46 72 0 0 0
0 46 72 46 72 0 0 0
0 46 72 46 72 0 0 0
0 46 72 46 72 0 0 0
0 46 72 46 72 0 0 0
0 46 72 46 72 0 0 0
0 46 72 46 72 0 0 0
0 46 72 46 72 0 0 0
0 46 72 46 72 0 0 0
0 46 72 46 72 0 0 0
0 46 72 46 72 0 0 0
0 46 72 46 72 0 0 0
0 46 72 46 72 0 0 0
0 46 72 46 72 0 0 0
0 46 72 46 72 0 0 0
0 46 72 46 72 0 0 0
0 46 72 46 72 0 0 0
0 45 60 45 60 0 0 0
0 45 60 45 60 0 0 0
0 46 60 46 60 0 0 0
0 46 60 46 60 0 0 0
0 220 3522 220 3522 0 0 0
0 220 3522 220 3522 0 0 0
0 27 156 687 0 27 26 0
0 27 156 687 0 27 26 0
0 220 3361 220 3361 0 0 0
0 220 3361 220 3361 0 0 0
0 27 156 687 0 27 26 0
0 27 156 687 0 27 26 0
0 220 2973 220 2973 0 0 0
0 220 2973 220 2973 0 0 0
0 220 2973 220 2973 0 0 0
0 220 2973 220 2973 0 0 0
602 0 666 77 666 496 602 573 588 573 541 573 495 573 171 573 124 573 78 573 64 573 0 496 0 77 64 0
602 0 666 77 666 496 602 573 588 573 541 573 495 573 171 573 124 573 78 573 64 573 0 496 0 77 64 0
602 0 666 77 666 496 602 573 588 573 541 573 495 573 171 573 124 573 78 573 64 573 0 496 0 77 64 0
602 0 666 77 666 496 602 573 588 573 541 573 495 573 171 573 124 573 78 573 64 573 0 496 0 77 64 0
0 483 2857 423 2906 372 2899 20 2881 0 0 478
0 483 2857 423 2906 372 2899 20 2881 0 0 478
0 483 2857 423 2906 372 2899 20 2881 0 0 478
0 483 2857 423 2906 372 2899 20 2881 0 0 478
0 180 2445 180 2445 0 0 0
2380 289 2380 298 151 493 102 457 0 26 23 0
0 180 2322 180 2322 0 0 0
148 0 2258 207 2258 216 23 490 0 465 102 33
148 0 2258 207 2258 216 23 490 0 465 102 33
148 0 2258 207 2258 216 23 490 0 465 102 33
0 180 2192 180 2192 0 0 0
0 180 2192 180 2192 0 0 0
53 0 2159 259 2159 267 29 476 0 449 15 32
46 0 2156 207 2157 216 51 474 20 448 0 34 0 33
0 150 2020 150 2020 0 0 0
0 0 0 150 0 0 0 150 1988 150 1988 0 0 0
0 190 0 543 190 543 341 543 440 543 440 387 440 303 458 303 494 303 530 303 581 303 609 303 609 55 525 0 525 0 0 190
43 308 78 338 1950 329 1951 323 21 0 0 20
26 327 1921 10 26 327 0 302 38 27
1823 427 1844 412 1902 20 1885 0 0 0
1823 427 1844 412 1902 20 1885 0 0 0
0 220 1901 220 1901 0 0 0
0 220 1901 220 1901 0 0 0
0 220 1891 220 1891 0 0 0
0 220 1891 220 1891 0 0 0
1 427 1852 427 1878 398 1828 25 1794 0 0 421
1 427 1852 427 1878 398 1828 25 1794 0 0 421
0 0 0 180 1851 180 1851 0 0 0
0 265 1753 247 1799 202 1797 26 1766 0 0 260
0 0 0 180 1639 180 1640 161 1640 0 0 0
0 180 1589 180 1589 0 0 0
0 180 1589 180 1589 0 0 0
0 57 18 75 132 75 150 57 150 0 0 0
0 57 18 75 132 75 150 57 150 0 0 0
0 57 18 75 132 75 150 57 150 0 0 0
0 57 18 75 132 75 150 57 150 0 0 0
0 57 18 75 132 75 150 57 150 0 0 0
0 57 18 75 132 75 150 57 150 0 0 0
0 57 18 75 132 75 150 57 150 0 0 0
0 57 18 75 132 75 150 57 150 0 0 0
0 57 18 75 132 75 150 57 150 0 0 0
0 57 18 75 132 75 150 57 150 0 0 0
0 57 18 75 132 75 150 57 150 0 0 0
0 57 18 75 132 75 150 57 150 0 0 0
0 57 18 75 132 75 150 57 150 0 0 0
0 57 18 75 132 75 150 57 150 0 0 0
0 57 18 75 132 75 150 57 150 0 0 0
0 57 18 75 132 75 150 57 150 0 0 0
0 57 18 75 132 75 150 57 150 0 0 0
0 57 18 75 132 75 150 57 150 0 0 0
0 57 18 75 132 75 150 57 150 0 0 0
0 57 18 75 132 75 150 57 150 0 0 0
0 57 18 75 132 75 150 57 150 0 0 0
0 57 18 75 132 75 150 57 150 0 0 0
0 57 18 75 132 75 150 57 150 0 0 0
0 57 18 75 132 75 150 57 150 0 0 0
0 57 18 75 132 75 150 57 150 0 0 0
0 57 18 75 132 75 150 57 150 0 0 0
0 57 18 75 132 75 150 57 150 0 0 0
0 57 18 75 132 75 150 57 150 0 0 0
0 57 18 75 132 75 150 57 150 0 0 0
0 57 18 75 132 75 150 57 150 0 0 0
0 57 18 75 132 75 150 57 150 0 0 0
0 57 18 75 132 75 150 57 150 0 0 0
0 57 18 75 132 75 150 57 150 0 0 0
0 57 18 75 132 75 150 57 150 0 0 0
0 57 18 75 132 75 150 57 150 0 0 0
0 57 18 75 132 75 150 57 150 0 0 0
0 57 18 75 132 75 150 57 150 0 0 0
0 57 18 75 132 75 150 57 150 0 0 0
0 57 18 75 132 75 150 57 150 0 0 0
0 57 18 75 132 75 150 57 150 0 0 0
0 57 18 75 132 75 150 57 150 0 0 0
0 57 18 75 132 75 150 57 150 0 0 0
0 57 18 75 132 75 150 57 150 0 0 0
0 57 18 75 132 75 150 57 150 0 0 0
0 57 18 75 132 75 150 57 150 0 0 0
0 57 18 75 132 75 150 57 150 0 0 0
0 57 18 75 132 75 150 57 150 0 0 0
0 57 18 75 132 75 150 57 150 0 0 0
