30
1500 12000
219 1072 75 1198 0 1264 0 1736 75 1802 76 1802 116 1837 155 1871 219 1928 219 3000 326 3000 326 1928 390 1872 429 1838 469 1803 471 1802 546 1736 546 1264 471 1198 326 1072 326 0 219 0
0 430 250 560 300 560 300 434 294 433 289 430 286 425 285 419 286 413 289 408 294 405 300 404 300 376 294 375 289 372 286 367 285 361 286 355 289 350 294 347 300 346 300 214 294 213 289 210 286 205 285 199 286 193 289 188 294 185 300 184 300 160 294 159 289 156 286 151 285 145 286 139 289 134 294 131 300 130 300 0 250 0 0 130
0 430 250 560 300 560 300 434 294 433 289 430 286 425 285 419 286 413 289 408 294 405 300 404 300 376 294 375 289 372 286 367 285 361 286 355 289 350 294 347 300 346 300 214 294 213 289 210 286 205 285 199 286 193 289 188 294 185 300 184 300 160 294 159 289 156 286 151 285 145 286 139 289 134 294 131 300 130 300 0 250 0 0 130
0 430 250 560 300 560 300 434 294 433 289 430 286 425 285 419 286 413 289 408 294 405 300 404 300 376 294 375 289 372 286 367 285 361 286 355 289 350 294 347 300 346 300 214 294 213 289 210 286 205 285 199 286 193 289 188 294 185 300 184 300 160 294 159 289 156 286 151 285 145 286 139 289 134 294 131 300 130 300 0 250 0 0 130
0 430 250 560 300 560 300 434 294 433 289 430 286 425 285 419 286 413 289 408 294 405 300 404 300 376 294 375 289 372 286 367 285 361 286 355 289 350 294 347 300 346 300 214 294 213 289 210 286 205 285 199 286 193 289 188 294 185 300 184 300 160 294 159 289 156 286 151 285 145 286 139 289 134 294 131 300 130 300 0 250 0 0 130
0 430 250 560 300 560 300 434 294 433 289 430 286 425 285 419 286 413 289 408 294 405 300 404 300 376 294 375 289 372 286 367 285 361 286 355 289 350 294 347 300 346 300 214 294 213 289 210 286 205 285 199 286 193 289 188 294 185 300 184 300 160 294 159 289 156 286 151 285 145 286 139 289 134 294 131 300 130 300 0 250 0 0 130
0 430 250 560 300 560 300 434 294 433 289 430 286 425 285 419 286 413 289 408 294 405 300 404 300 376 294 375 289 372 286 367 285 361 286 355 289 350 294 347 300 346 300 214 294 213 289 210 286 205 285 199 286 193 289 188 294 185 300 184 300 160 294 159 289 156 286 151 285 145 286 139 289 134 294 131 300 130 300 0 250 0 0 130
123 271 152 305 162 306 201 310 310 323 418 0 144 5 0 129
0 590 250 720 300 720 300 590 294 589 289 586 286 581 285 575 286 569 289 564 294 561 300 560 300 536 294 535 289 532 286 527 285 521 286 515 289 510 294 507 300 506 300 384 294 383 289 380 286 375 285 369 286 363 289 358 294 355 300 354 300 326 294 325 289 322 286 317 285 311 286 305 289 300 294 297 300 296 300 206 294 205 289 202 286 197 285 191 286 185 289 180 294 177 300 176 300 146 294 145 289 142 286 137 285 131 286 125 289 120 294 117 300 116 300 0 250 0 0 130
0 590 250 720 300 720 300 590 294 589 289 586 286 581 285 575 286 569 289 564 294 561 300 560 300 536 294 535 289 532 286 527 285 521 286 515 289 510 294 507 300 506 300 384 294 383 289 380 286 375 285 369 286 363 289 358 294 355 300 354 300 326 294 325 289 322 286 317 285 311 286 305 289 300 294 297 300 296 300 206 294 205 289 202 286 197 285 191 286 185 289 180 294 177 300 176 300 146 294 145 289 142 286 137 285 131 286 125 289 120 294 117 300 116 300 0 250 0 0 130
0 590 250 720 300 720 300 590 294 589 289 586 286 581 285 575 286 569 289 564 294 561 300 560 300 536 294 535 289 532 286 527 285 521 286 515 289 510 294 507 300 506 300 384 294 383 289 380 286 375 285 369 286 363 289 358 294 355 300 354 300 326 294 325 289 322 286 317 285 311 286 305 289 300 294 297 300 296 300 206 294 205 289 202 286 197 285 191 286 185 289 180 294 177 300 176 300 146 294 145 289 142 286 137 285 131 286 125 289 120 294 117 300 116 300 0 250 0 0 130
0 590 250 720 300 720 300 590 294 589 289 586 286 581 285 575 286 569 289 564 294 561 300 560 300 536 294 535 289 532 286 527 285 521 286 515 289 510 294 507 300 506 300 384 294 383 289 380 286 375 285 369 286 363 289 358 294 355 300 354 300 326 294 325 289 322 286 317 285 311 286 305 289 300 294 297 300 296 300 206 294 205 289 202 286 197 285 191 286 185 289 180 294 177 300 176 300 146 294 145 289 142 286 137 285 131 286 125 289 120 294 117 300 116 300 0 250 0 0 130
0 575 240 700 300 700 300 526 294 525 289 522 286 517 285 511 286 505 289 500 294 497 300 496 300 204 299 204 294 203 289 200 286 195 284 189 286 183 289 178 294 175 299 174 300 174 300 0 240 0 0 125
300 0 300 130 294 131 289 134 286 139 285 145 286 151 289 156 294 159 300 160 300 184 294 185 289 188 286 193 285 199 286 205 289 210 294 213 300 214 300 374 299 374 294 375 289 378 286 383 284 389 286 395 289 400 294 403 299 404 300 404 300 630 294 631 289 634 286 639 285 645 286 651 289 656 294 659 300 660 300 886 294 887 289 890 286 895 285 901 286 907 289 912 294 915 300 916 300 940 294 941 289 944 286 949 285 955 286 961 289 966 294 969 300 970 300 1100 250 1100 0 970 0 130 250 0 0 130
300 0 300 130 294 131 289 134 286 139 285 145 286 151 289 156 294 159 300 160 300 184 294 185 289 188 286 193 285 199 286 205 289 210 294 213 300 214 300 374 299 374 294 375 289 378 286 383 284 389 286 395 289 400 294 403 299 404 300 404 300 630 294 631 289 634 286 639 285 645 286 651 289 656 294 659 300 660 300 886 294 887 289 890 286 895 285 901 286 907 289 912 294 915 300 916 300 940 294 941 289 944 286 949 285 955 286 961 289 966 294 969 300 970 300 1100 250 1100 0 970 0 130 250 0 0 130
300 0 300 130 294 131 289 134 286 139 285 145 286 151 289 156 294 159 300 160 300 184 294 185 289 188 286 193 285 199 286 205 289 210 294 213 300 214 300 374 299 374 294 375 289 378 286 383 284 389 286 395 289 400 294 403 299 404 300 404 300 630 294 631 289 634 286 639 285 645 286 651 289 656 294 659 300 660 300 886 294 887 289 890 286 895 285 901 286 907 289 912 294 915 300 916 300 940 294 941 289 944 286 949 285 955 286 961 289 966 294 969 300 970 300 1100 250 1100 0 970 0 130 250 0 0 130
300 0 300 130 294 131 289 134 286 139 285 145 286 151 289 156 294 159 300 160 300 184 294 185 289 188 286 193 285 199 286 205 289 210 294 213 300 214 300 374 299 374 294 375 289 378 286 383 284 389 286 395 289 400 294 403 299 404 300 404 300 630 294 631 289 634 286 639 285 645 286 651 289 656 294 659 300 660 300 886 294 887 289 890 286 895 285 901 286 907 289 912 294 915 300 916 300 940 294 941 289 944 286 949 285 955 286 961 289 966 294 969 300 970 300 1100 250 1100 0 970 0 130 250 0 0 130
300 0 300 130 294 131 289 134 286 139 285 145 286 151 289 156 294 159 300 160 300 184 294 185 289 188 286 193 285 199 286 205 289 210 294 213 300 214 300 374 299 374 294 375 289 378 286 383 284 389 286 395 289 400 294 403 299 404 300 404 300 630 294 631 289 634 286 639 285 645 286 651 289 656 294 659 300 660 300 886 294 887 289 890 286 895 285 901 286 907 289 912 294 915 300 916 300 940 294 941 289 944 286 949 285 955 286 961 289 966 294 969 300 970 300 1100 250 1100 0 970 0 130 250 0 0 130
300 0 300 130 294 131 289 134 286 139 285 145 286 151 289 156 294 159 300 160 300 184 294 185 289 188 286 193 285 199 286 205 289 210 294 213 300 214 300 374 299 374 294 375 289 378 286 383 284 389 286 395 289 400 294 403 299 404 300 404 300 630 294 631 289 634 286 639 285 645 286 651 289 656 294 659 300 660 300 886 294 887 289 890 286 895 285 901 286 907 289 912 294 915 300 916 300 940 294 941 289 944 286 949 285 955 286 961 289 966 294 969 300 970 300 1100 250 1100 0 970 0 130 250 0 0 130
300 0 300 130 294 131 289 134 286 139 285 145 286 151 289 156 294 159 300 160 300 184 294 185 289 188 286 193 285 199 286 205 289 210 294 213 300 214 300 374 299 374 294 375 289 378 286 383 284 389 286 395 289 400 294 403 299 404 300 404 300 630 294 631 289 634 286 639 285 645 286 651 289 656 294 659 300 660 300 886 294 887 289 890 286 895 285 901 286 907 289 912 294 915 300 916 300 940 294 941 289 944 286 949 285 955 286 961 289 966 294 969 300 970 300 1100 250 1100 0 970 0 130 250 0 0 130
300 0 300 130 294 131 289 134 286 139 285 145 286 151 289 156 294 159 300 160 300 184 294 185 289 188 286 193 285 199 286 205 289 210 294 213 300 214 300 374 299 374 294 375 289 378 286 383 284 389 286 395 289 400 294 403 299 404 300 404 300 630 294 631 289 634 286 639 285 645 286 651 289 656 294 659 300 660 300 886 294 887 289 890 286 895 285 901 286 907 289 912 294 915 300 916 300 940 294 941 289 944 286 949 285 955 286 961 289 966 294 969 300 970 300 1100 250 1100 0 970 0 130 250 0 0 130
0 575 240 700 300 700 300 526 299 526 294 525 289 522 286 517 284 511 286 505 289 500 294 497 299 496 300 496 300 0 240 0 0 125
0 770 250 900 300 900 300 771 294 770 289 767 286 762 285 756 286 750 289 745 294 742 300 741 300 721 299 721 294 720 289 717 286 712 284 706 286 700 289 695 294 692 299 691 300 691 300 465 294 464 289 461 286 456 285 450 286 444 289 439 294 436 300 435 300 209 294 208 289 205 286 200 285 194 286 188 289 183 294 180 300 179 300 160 294 159 289 156 286 151 285 145 286 139 289 134 294 131 300 130 300 0 250 0 0 130
0 770 250 900 300 900 300 771 294 770 289 767 286 762 285 756 286 750 289 745 294 742 300 741 300 721 299 721 294 720 289 717 286 712 284 706 286 700 289 695 294 692 299 691 300 691 300 465 294 464 289 461 286 456 285 450 286 444 289 439 294 436 300 435 300 209 294 208 289 205 286 200 285 194 286 188 289 183 294 180 300 179 300 160 294 159 289 156 286 151 285 145 286 139 289 134 294 131 300 130 300 0 250 0 0 130
0 770 250 900 300 900 300 0 250 0 0 130
0 770 250 900 300 900 300 770 294 769 289 766 286 761 285 755 286 749 289 744 294 741 300 740 300 159 294 158 289 155 286 150 285 144 286 138 289 133 294 130 300 129 300 0 250 0 0 130
278 0 298 20 298 116 0 72 0 30 30 0
278 0 298 20 298 116 0 72 0 30 30 0
30 0 31 0 269 0 289 20 289 116 0 68 0 37 0 35 30 0
30 116 0 81 0 79 31 116 269 116 289 96 289 0 0 48
