106
1500 12000
55 0 67 12 67 104 55 116 0 116 0 0
0 335 63 335 81 317 81 18 63 0 0 0
65 0 86 21 86 352 65 373 0 373 0 0
60 150 0 150 60 150 130 150 130 0 0 0
0 373 50 373 175 373 196 352 196 21 175 0 0 0
0 373 50 373 175 373 196 352 196 21 175 0 0 0
180 0 240 0 240 100 0 100 0 70
0 30 180 85 240 85 240 0 0 0
0 250 75 250 175 250 250 250 250 0 0 0
0 85 322 85 322 0 0 0
0 600 75 600 275 600 350 600 350 0 0 0
0 200 90 200 290 200 450 200 540 200 630 200 690 200 690 0 0 0
0 260 85 260 185 260 285 260 485 260 675 260 755 260 755 0 0 0
752 0 772 20 772 162 752 178 0 8 1 0
0 2 390 1952 413 1976 830 2070 845 2052 6 0 0 2
794 0 813 13 869 289 853 309 0 309
0 170 869 170 869 0 0 0
0 548 1556 196 0 548 106 20
0 64 42 134 56 134 56 0 0 0
0 70 0 110 0 70 42 0
56 0 56 150 0 150 0 70 42 0
6 30 54 110 68 110 68 0 0 0
6 30 54 110 73 110 73 0 0 0
0 7 0 202 0 7 7 0
48 259 96 259 96 0 0 0 0 259 0 0
0 461 48 445 96 429 96 0 0 0
0 55 120 55 120 0 0 0
0 112 50 112 120 112 120 0 0 0
0 150 40 150 130 150 170 150 170 0 0 0
0 110 40 110 130 110 170 110 170 0 0 0
0 134 40 134 130 134 170 134 170 0 0 0
217 299 137 299 99 299 61 299 46 299 0 246 217 0
0 203 82 203 128 203 174 203 207 203 234 139 0 0
234 0 234 388 152 388 115 388 106 388 77 388 62 388 60 386 16 335 0 65 27 0
0 334 0 334 0 423 81 423 119 423 128 423 157 423 174 423 207 423 234 359 217 53 172 0 0 0
120 0 280 148 120 0 0 97
0 310 134 362 0 310 57 77
84 224 121 289 157 354 173 383 274 388 293 0 95 0 0 73
124 0 295 286 210 354 201 362 172 362 135 362 17 362 0 6
0 475 128 308 171 252 214 196 299 86 215 0 0 0
299 0 299 300 171 300 128 300 85 300 84 300 0 215 165 0
347 49 392 102 332 195 294 253 256 312 180 428 0 428 0 0 180 0 0 0
0 120 60 120 120 120 180 120 450 120 450 0 0 0
0 85 469 85 0 85 0 0
0 102 61 195 0 102 46 49
137 535 471 535 137 535 99 535 61 535 46 535 0 482 0 53 46 0
0 140 60 140 120 140 180 140 500 140 560 140 620 140 680 140 680 0 0 0
0 180 60 180 120 180 180 180 500 180 560 180 620 180 680 180 680 0 0 0
682 0 709 65 709 287 682 351 650 351 604 351 557 351 152 351 106 351 60 351 27 351 0 287 0 65 27 0
0 180 826 180 826 0 0 0
0 180 1613 180 1613 0 0 0
2000 0 2000 230 0 230 0 0
0 180 2273 180 2273 0 0 0
55 0 67 12 67 104 55 116 0 116 0 0
0 335 63 335 81 317 81 18 63 0 0 0
65 0 86 21 86 352 65 373 0 373 0 0
60 150 0 150 60 150 130 150 130 0 0 0
0 373 50 373 175 373 196 352 196 21 175 0 0 0
0 373 50 373 175 373 196 352 196 21 175 0 0 0
180 0 240 0 240 100 0 100 0 70
0 30 180 85 240 85 240 0 0 0
0 250 75 250 175 250 250 250 250 0 0 0
0 85 322 85 322 0 0 0
0 600 75 600 275 600 350 600 350 0 0 0
0 200 90 200 290 200 450 200 540 200 630 200 690 200 690 0 0 0
0 260 85 260 185 260 285 260 485 260 675 260 755 260 755 0 0 0
752 0 772 20 772 162 752 178 0 8 1 0
0 2 390 1952 413 1976 830 2070 845 2052 6 0 0 2
794 0 813 13 869 289 853 309 0 309
0 170 869 170 869 0 0 0
0 548 1556 196 0 548 106 20
0 64 42 134 56 134 56 0 0 0
0 70 0 110 0 70 42 0
56 0 56 150 0 150 0 70 42 0
6 30 54 110 68 110 68 0 0 0
6 30 54 110 73 110 73 0 0 0
0 7 0 202 0 7 7 0
48 259 96 259 96 0 0 0 0 259 0 0
0 461 48 445 96 429 96 0 0 0
0 55 120 55 120 0 0 0
0 112 50 112 120 112 120 0 0 0
0 150 40 150 130 150 170 150 170 0 0 0
0 110 40 110 130 110 170 110 170 0 0 0
0 134 40 134 130 134 170 134 170 0 0 0
217 299 137 299 99 299 61 299 46 299 0 246 217 0
0 203 82 203 128 203 174 203 207 203 234 139 0 0
234 0 234 388 152 388 115 388 106 388 77 388 62 388 60 386 16 335 0 65 27 0
0 334 0 334 0 423 81 423 119 423 128 423 157 423 174 423 207 423 234 359 217 53 172 0 0 0
120 0 280 148 120 0 0 97
0 310 134 362 0 310 57 77
84 224 121 289 157 354 173 383 274 388 293 0 95 0 0 73
124 0 295 286 210 354 201 362 172 362 135 362 17 362 0 6
0 475 128 308 171 252 214 196 299 86 215 0 0 0
299 0 299 300 171 300 128 300 85 300 84 300 0 215 165 0
347 49 392 102 332 195 294 253 256 312 180 428 0 428 0 0 180 0 0 0
0 120 60 120 120 120 180 120 450 120 450 0 0 0
0 85 469 85 0 85 0 0
0 102 61 195 0 102 46 49
137 535 471 535 137 535 99 535 61 535 46 535 0 482 0 53 46 0
0 140 60 140 120 140 180 140 500 140 560 140 620 140 680 140 680 0 0 0
0 180 60 180 120 180 180 180 500 180 560 180 620 180 680 180 680 0 0 0
682 0 709 65 709 287 682 351 650 351 604 351 557 351 152 351 106 351 60 351 27 351 0 287 0 65 27 0
0 180 826 180 826 0 0 0
0 180 1613 180 1613 0 0 0
2000 0 2000 230 0 230 0 0
0 180 2273 180 2273 0 0 0
